-1.4072,-1.3894,-1.5425,-1.328,-1.2632,-1.3602,-1.3278,-1.22
0.3831,0.47479,0.25064,0.56742,0.8138,0.67881,0.22391,-0.59975
-0.9492,-0.93592,-1.0643,-1.118,-1.1054,-1.3328,-0.92549,-0.9099
1.1325,1.2306,1.3265,1.4719,1.3116,1.3584,1.8403,0.020568
1.0493,1.1298,1.3265,0.92224,1.0774,0.59669,1.0321,0.020568
0.0083927,-0.029035,0.1311,-0.26967,-0.24719,-0.24717,-0.20711,-0.59975
-0.11651,-0.38172,1.6851,0.7224,0.66962,1.0164,0.74833,-0.28959
0.29984,0.27326,1.0874,0.56538,0.28217,0.57389,0.65494,1.5713
-1.6569,-1.5909,-1.4229,-1.3362,-1.2743,-1.3328,-1.3637,-0.9099
-0.32469,-0.38172,-0.22752,-0.61735,-0.49949,-0.68964,-0.59863,-1.22
0.54964,0.47479,0.60926,0.67754,0.092954,0.59214,0.29575,0.64088
-0.74103,-0.73439,-0.82522,-0.96911,-0.91622,-1.1913,-0.90035,-0.9099
0.3831,0.42441,0.37018,0.1657,-0.15033,0.081252,0.83453,1.2612
0.71618,0.92824,0.96789,1.2424,0.71694,1.7599,0.68726,-0.28959
1.5073,1.4824,1.4461,1.3045,0.50518,1.3037,2.0198,2.8119
-0.65776,-0.78478,-0.4666,-0.98236,-1.0784,-0.88121,-0.96141,0.33072
0.63291,0.92824,0.72881,0.61432,0.36553,0.78828,0.69086,0.33072
0.3831,0.42441,-0.10798,-0.098375,-0.11203,0.040198,-0.20711,-0.59975
-1.2823,-1.2886,-1.3034,-1.2474,-1.1258,-1.3282,-1.2703,-1.22
0.0083927,0.1725,0.48972,0.01378,-0.02193,0.3002,0.044318,-0.28959
0.050027,0.22288,-0.10798,-0.41445,-0.51525,-0.32016,-0.18197,0.020568
-0.32469,-0.18019,-0.10798,-0.43179,-0.49273,-0.42051,-0.54116,-0.59975
-0.074876,-0.18019,-0.34706,-0.5266,-0.54679,-0.49349,-0.38671,-0.59975
0.42474,0.47479,-0.10798,0.15958,0.29344,0.14967,0.15207,-0.28959
0.50801,0.27326,0.011561,-0.27171,-0.22918,-0.47068,-0.10295,-0.59975
-0.40795,-0.23057,-0.70568,-0.52049,-0.21791,-0.71244,-0.73872,-0.9099
1.0493,0.92824,0.37018,0.76115,0.92642,1.2125,0.39632,0.33072
-0.40795,-0.33134,-0.34706,-0.51029,-0.36884,-0.87209,-0.60222,0.020568
-0.49122,-0.48248,-0.4666,-0.71829,-0.75403,-0.62121,-0.5663,0.020568
-0.78266,-0.83516,-0.94476,-0.94668,-0.90946,-0.8949,-0.96141,-0.9099
-1.4072,-1.4397,-1.3034,-1.1934,-1.0694,-1.1686,-1.2847,-1.22
-0.44959,-0.48248,0.1311,-0.59492,-0.84189,-0.39314,-0.31487,1.5713
-1.2823,-1.2886,-1.0643,-1.1057,-0.941,-1.018,-1.1446,-0.9099
-0.57449,-0.78478,-0.94476,-0.93139,-0.0061615,-0.94051,-0.92549,-0.59975
-0.11651,-0.23057,0.25064,-0.41547,-0.22467,-0.56191,-0.4765,-0.59975
-0.99083,-1.0871,-0.4666,-1.0293,-1.0491,-1.009,-0.92549,-0.9099
1.6321,1.4321,1.5656,2.7249,3.3615,3.142,1.1865,0.020568
1.0076,0.7267,1.2069,1.1058,1.5008,1.0027,0.79861,0.64088
1.5905,1.1802,1.0874,1.4911,1.3792,1.8466,1.1937,0.33072
-2.2399,-2.1451,-2.0206,-1.5421,-1.4906,-1.4925,-1.5649,-1.8404
-1.5321,-1.4397,-1.662,-1.3127,-1.3374,-1.2872,-1.2129,-0.9099
-0.49122,-0.58325,0.011561,-0.51641,-0.71123,-0.27454,-0.35079,1.5713
-0.82429,-0.78478,-0.22752,-0.7917,-0.93424,-0.79454,-0.60222,-0.28959
-0.11651,-0.12981,-0.4666,-0.43076,-0.43866,-0.53455,-0.32924,0.64088
-0.57449,-0.4321,-1.0643,-0.64182,-0.60761,-0.72612,-0.63814,1.5713
0.3831,0.32365,-0.22752,-0.12693,-0.05572,-0.0191,-0.26459,0.020568
1.2158,1.029,0.96789,1.7359,2.5528,1.0666,1.1111,0.95104
0.46637,0.57556,0.1311,0.3217,0.49842,0.31845,0.080236,0.33072
-2.3648,-2.3467,-1.7815,-1.5543,-1.4794,-1.5243,-1.5935,-2.1505
0.92435,0.97863,0.1311,0.6235,0.65611,0.77459,0.54718,0.020568
-2.0317,-2.0443,-1.662,-1.483,-1.4343,-1.3738,-1.5002,-1.22
-0.19978,0.071731,0.60926,-0.28598,-0.49724,-0.38858,0.080236,0.95104
0.21657,0.42441,0.37018,-0.080023,-0.073741,-0.197,0.080236,0.64088
0.46637,0.62594,0.60926,0.34413,0.15377,0.5602,0.65494,0.020568
1.2991,1.3313,1.3265,1.9449,0.88813,1.3037,1.3626,0.33072
-1.1574,-1.1375,-1.0643,-1.0068,-0.95677,-0.78999,-1.0692,-0.9099
1.2991,1.029,1.4461,1.5881,1.5977,1.4451,1.6643,0.33072
-1.0741,-0.83516,-0.82522,-1.066,-1.1189,-0.97701,-1.0332,-0.59975
0.92435,0.97863,0.72881,0.88656,0.68765,1.2901,0.83453,-0.28959
-0.033242,0.22288,0.25064,-0.20543,-0.25845,-0.21068,-0.02752,0.33072
-0.61612,-0.58325,0.011561,-0.72339,-0.67294,-0.65314,-0.79977,1.8816
1.3823,1.3313,1.0874,1.5146,1.5054,1.2536,1.6607,1.5713
1.0076,1.029,0.37018,1.4484,1.2666,1.623,1.3733,0.33072
0.2582,0.22288,-0.10798,-0.03414,0.20784,-0.1605,-0.1245,-0.28959
-2.0317,-1.9939,-2.0206,-1.4738,-1.4321,-1.4058,-1.493,-1.5303
1.8403,1.6336,1.8047,2.8982,3.5913,2.4213,2.2929,-0.28959
0.091661,-0.079418,0.1311,-0.25233,-0.23818,-0.40226,-0.13527,0.020568
0.21657,0.42441,0.84834,0.55009,0.077186,0.31388,1.1578,1.2612
0.71618,0.82748,0.48972,0.57761,0.4759,0.43248,0.73396,0.020568
-2.0317,-2.9009,-1.5425,-1.4514,-1.4141,-1.383,-1.4679,-1.8404
-0.28305,-0.12981,0.011561,-0.57045,-0.62113,-0.48436,-0.63814,0.33072
-1.3656,-1.1375,-0.22752,-1.1261,-1.2158,-1.1275,-0.99374,0.020568
-0.40795,-0.48248,-0.10798,-0.8019,-0.73601,-0.80367,-0.81774,-0.59975
-0.32469,-0.33134,-0.10798,-0.55618,-0.75179,-0.44788,-0.50524,0.020568
0.21657,0.62594,0.25064,0.18711,0.09746,0.57389,0.20595,0.020568
1.2158,1.7847,0.48972,0.97934,0.83407,1.0391,1.2512,0.020568
-0.44959,-0.23057,-0.22752,-0.49296,-0.42965,-0.58016,-0.46573,-0.59975
-0.74103,-0.93592,-0.70568,-0.93853,-0.89144,-0.99525,-0.85365,-0.9099
0.59127,0.57556,-0.34706,-0.06065,-0.15708,0.17704,-0.063439,0.020568
-0.24142,-0.28095,0.1311,-0.67037,-0.69547,-0.29735,-0.63455,-0.59975
0.96598,0.77709,1.0874,1.2047,1.4152,1.5136,0.62261,0.33072
1.0076,1.1802,0.48972,1.3841,1.7397,0.58757,1.3912,0.33072
-0.40795,-0.079418,-0.58614,-0.58676,-0.78106,-0.71244,-0.20711,0.95104
-0.69939,-0.88554,-0.82522,-0.89978,-0.82838,-0.97244,-0.85365,-0.28959
-0.69939,-0.58325,-0.10798,-0.80292,-0.80134,-0.89034,-0.81774,0.64088
-0.11651,-0.12981,-0.82522,-0.56331,-0.56481,-0.48893,-0.53038,-0.59975
0.92435,0.87786,0.25064,0.5144,0.55474,0.5602,0.51126,0.33072
0.21657,-0.079418,-0.10798,-0.22787,-0.12555,-0.28366,-0.12809,-0.28959
0.29984,0.37403,0.48972,0.13817,0.27316,0.3367,-0.1245,-0.59975
1.0909,0.47479,0.72881,0.91001,1.0075,1.1167,0.67649,-0.59975
0.96598,0.97863,0.84834,0.99871,1.1674,1.1076,0.66571,-0.28959
0.2582,0.42441,0.84834,-0.18504,-0.24945,-0.046468,-0.13527,-0.28959
1.0076,0.82748,0.48972,0.64287,0.64035,0.98898,0.57592,-0.59975
-1.6154,-1.6413,-1.3034,-1.3412,-1.3239,-1.3145,-1.3206,0.33072
1.0909,1.1802,0.84834,1.0589,1.0188,0.72898,1.1147,0.020568
0.2582,0.27326,-0.10798,0.059663,0.079438,-0.20156,0.36759,1.5713
-1.9901,-1.9939,-1.5425,-1.4483,-1.3712,-1.3875,-1.4283,-0.9099
0.75781,0.87786,1.4461,0.79581,0.92192,0.42336,1.0752,0.020568
0.54964,0.42441,0.48972,0.14531,-0.0061615,-0.22437,0.54718,2.8119
1.0076,0.92824,0.48972,0.85189,0.84758,1.3356,0.43943,0.020568
-1.2823,-1.2886,-1.3034,-1.2862,-1.2563,-1.2325,-1.299,-1.5303
-1.2406,-1.1878,-1.0643,-1.2557,-1.1865,-1.2735,-1.2775,-1.5303
0.79944,0.87786,1.3265,1.3984,0.9895,1.509,2.0162,1.5713
1.6321,1.5832,0.72881,1.5993,1.6383,1.3219,1.8366,0.64088
0.54964,0.62594,0.1311,0.2962,0.42183,0.50547,0.36041,-0.59975
1.0493,1.0794,0.84834,1.329,0.76649,0.83389,2.0558,3.1222
0.29984,0.32365,0.48972,0.072917,-0.13005,0.24546,0.15207,0.020568
-1.6986,-1.8428,-1.3034,-1.4014,-1.315,-1.3785,-1.4248,-1.22
1.5073,1.2809,0.96789,1.7461,1.5031,2.1841,1.1901,0.64088
-2.0733,-2.0443,-1.662,-1.4983,-1.4681,-1.4651,-1.4822,-1.5303
-0.40795,-0.48248,-0.34706,-0.68975,-0.69547,-0.457,-0.81774,-0.59975
-1.2823,-1.2886,-1.0643,-1.2363,-1.2563,-1.1823,-1.1769,-0.9099
-1.3656,-1.3894,-1.3034,-1.2903,-1.2114,-1.3373,-1.3349,-0.9099
0.2582,0.32365,0.1311,0.10758,0.31822,0.15424,-0.1676,-0.59975
1.1741,1.0794,0.96789,1.1425,1.0594,1.3083,1.1219,0.020568
1.5489,1.5328,0.84834,1.8256,0.93093,2.5262,1.6068,0.95104
-1.6569,-1.5909,-1.4229,-1.3311,-1.351,-1.3237,-1.2632,-0.9099
0.54964,0.57556,0.48972,0.55416,0.66062,0.65599,0.40351,0.95104
-0.32469,-0.079418,0.37018,-0.19932,-0.5558,0.021953,0.11616,0.33072
0.46637,0.37403,0.25064,0.11778,0.10647,0.25915,0.11616,0.33072
0.71618,0.7267,0.011561,0.47667,0.70567,0.40512,0.37836,0.33072
0.091661,-0.079418,0.25064,-0.049434,-0.11203,0.29108,-0.20711,0.95104
0.54964,-0.029035,0.25064,0.049466,-0.15033,0.7381,0.044318,-0.28959
1.5905,1.1802,1.4461,2.1641,2.661,2.33,1.3769,0.020568
-2.4064,-2.3467,-2.0206,-1.5533,-1.4974,-1.5335,-1.5864,-1.22
-2.2399,-2.1451,-1.662,-1.5401,-1.5041,-1.4651,-1.5361,-1.22
-0.033242,-0.28095,0.011561,-0.61939,-0.81936,-0.5984,-0.38671,0.33072
-1.2823,-1.1878,-0.58614,-1.1801,-1.1189,-1.1275,-1.1769,-0.28959
0.42474,0.47479,0.37018,0.37573,0.49167,0.25459,0.40351,0.33072
0.54964,0.42441,0.1311,0.39409,0.30921,0.7974,0.188,0.020568
-0.99083,-0.98631,-0.70568,0.1657,0.25514,0.24546,-1.0009,-0.59975
-0.074876,-0.12981,-0.34706,-0.55618,-0.40487,-0.77174,-0.49447,-0.59975
-0.11651,0.071731,0.1311,-0.15853,-0.13456,0.026514,-0.2574,-0.59975
-0.32469,-0.38172,0.37018,0.28397,0.26866,0.59214,-0.016744,-0.28959
-1.7819,-1.6917,-0.82522,-1.1016,-1.0874,-1.0545,-1.1195,-1.22
-0.61612,-0.58325,-0.34706,-0.78559,-0.78557,-0.82648,-0.67406,0.33072
1.0909,1.1298,1.2069,1.276,1.0841,1.8785,1.0357,0.020568
0.29984,0.32365,0.37018,-0.38386,-0.10527,-0.037346,0.044318,-0.59975
0.091661,-0.079418,-0.10798,-0.10959,0.038891,0.25003,-0.23944,-0.59975
-1.1157,-1.1878,-0.94476,-1.1098,-1.0536,-1.0683,-1.1338,-0.9099
1.2991,1.4321,0.84834,1.3138,1.5932,0.92512,1.3697,0.33072
-0.074876,-0.28095,-0.4666,-0.41547,-0.14808,-0.46613,-0.5663,-0.9099
-3.0726,-3.052,-2.1402,-1.6543,-1.5965,-1.6156,-1.6798,-1.8404
0.050027,-0.029035,-0.22752,-0.39406,-0.4319,-0.2198,-0.38671,-0.28959
0.091661,0.071731,0.25064,-0.51437,0.00059639,-0.41594,-0.099358,-0.59975
1.0493,1.1298,0.25064,0.83456,0.8566,1.0529,0.65853,0.020568
-0.49122,-0.28095,-0.10798,-0.50928,-0.68195,-0.64858,-0.13527,1.2612
0.1333,0.27326,0.84834,0.12899,-0.16835,-0.060154,0.69086,0.95104
-0.28305,-0.079418,-0.10798,-0.41751,-0.2517,-0.47525,-0.50165,-0.59975
0.17493,-0.079418,-0.22752,-0.29108,-0.13907,-0.32016,-0.42263,-0.28959
0.29984,0.1725,-0.10798,0.04131,-0.14808,0.36862,0.1844,0.020568
-1.6569,-1.6917,-1.5425,-1.38,-1.3262,-1.3693,-1.3924,-1.22
-0.19978,-0.23057,-0.10798,-0.56637,-0.60761,-0.99525,-0.23585,0.33072
0.29984,0.1725,-0.34706,0.21056,0.0073543,0.29564,0.69086,-0.28959
0.71618,0.62594,0.1311,0.66123,0.19657,1.0529,0.5831,1.2612
0.091661,0.12212,0.25064,-0.26355,-0.45894,-0.25174,0.0083989,0.64088
0.71618,0.92824,0.60926,0.90287,0.59529,0.040198,1.8044,0.64088
0.3831,0.071731,-0.22752,0.10453,0.30695,0.13599,-0.0059686,0.95104
-0.69939,-0.58325,-0.4666,-0.92527,-0.97705,-0.76717,-0.88957,-0.28959
0.67454,0.77709,0.25064,0.83456,1.2261,0.41424,0.65494,0.33072
1.0909,1.1298,0.84834,1.3118,1.208,0.81565,1.517,0.95104
1.1325,1.1802,0.48972,0.91409,0.62232,1.2626,1.1147,0.95104
-1.3239,-1.339,-0.10798,-1.2005,-1.1325,-1.2415,-1.1877,-0.9099
-2.4064,-2.2963,-1.9011,-1.5717,-1.5199,-1.5153,-1.5864,-1.22
0.0083927,0.071731,0.25064,-0.23092,-0.55805,-0.087522,0.22391,0.95104
-1.6154,-1.4397,-1.3034,-1.2903,-1.2699,-1.3693,-1.396,-1.22
0.92435,1.1298,0.60926,1.0435,0.66287,1.0529,1.244,0.33072
-2.5313,-2.4978,-2.1402,-1.5901,-1.5221,-1.5563,-1.608,-1.8404
-1.9484,-1.9436,-1.9011,-1.4626,-1.3803,-1.4788,-1.4858,-1.5303
0.88271,1.029,1.0874,0.82844,0.6854,1.5364,0.48612,0.33072
0.0083927,0.1725,-0.4666,-0.25845,-0.11654,-0.31104,-0.13527,0.64088
0.29984,0.42441,0.011561,0.14531,0.50744,0.01283,-0.14964,-0.9099
0.79944,1.029,1.5656,1.0579,0.53222,0.69249,1.7325,1.2612
-0.36632,-0.4321,-0.10798,-0.3859,-0.29225,-0.61665,-0.45854,-0.59975
-0.074876,-0.18019,-0.4666,-0.53782,-0.56031,-0.41594,-0.42982,-0.28959
-1.6986,-1.6917,-1.1838,-1.3688,-1.3037,-1.4058,-1.4104,-1.5303
0.2582,0.22288,0.25064,-0.093277,-0.06473,-0.046468,0.058686,-0.28959
0.0083927,-0.079418,-0.22752,-0.42158,-0.4229,-0.30647,-0.39389,-0.28959
0.21657,0.27326,-0.70568,-0.046375,-0.080498,0.20441,-0.1712,-0.28959
1.5073,1.5328,0.60926,1.7256,1.9717,2.0883,1.0716,0.020568
0.54964,0.32365,-0.10798,0.2799,0.35877,0.30933,0.15567,0.020568
0.46637,0.42441,2.2829,0.49401,-0.26747,0.23178,1.1219,1.2612
0.92435,0.77709,0.96789,0.71526,0.53672,0.88407,0.83453,0.020568
0.2582,0.27326,0.1311,-0.26763,-0.43866,-0.21068,0.0083989,0.33072
0.42474,0.57556,0.84834,0.55111,0.5142,0.19529,0.79861,-0.28959
0.21657,0.1725,0.25064,-0.38692,-0.40713,-0.42051,-0.15683,-0.28959
-0.40795,-0.28095,-0.10798,-0.69892,-0.83738,-1.009,-0.38671,-0.9099
0.63291,0.67632,0.72881,0.52868,0.59079,0.61038,0.51126,0.020568
-0.074876,0.071731,-0.22752,-0.13202,-0.3756,0.14056,0.080236,0.95104
0.54964,0.57556,0.60926,0.58374,0.70792,0.84301,0.25983,0.020568
0.29984,0.32365,0.60926,-0.05861,-0.10978,-0.064714,0.080236,0.64088
-0.033242,0.021347,-0.58614,-0.11979,-0.43416,-0.21524,0.15207,0.33072
-0.19978,-0.079418,-0.34706,-0.51437,-0.54003,-0.49805,-0.38671,0.020568
0.71618,0.62594,0.60926,0.45526,0.62457,0.5602,0.20236,-0.28959
0.34147,0.37403,-0.34706,0.0035847,-0.20664,-0.0191,-0.063439,0.33072
0.71618,0.82748,0.48972,0.66428,1.0233,0.52827,0.37836,0.33072
-0.61612,-0.48248,-0.34706,-0.77233,-0.75854,-0.85841,-0.67406,0.64088
-0.9492,-1.0367,-0.94476,-1.1506,-1.1685,-1.05,-1.1051,-0.9099
0.091661,0.27326,0.25064,-0.22787,-0.053467,-0.32928,-0.32206,-0.28959
-1.2406,-1.1375,-0.70568,-1.0772,-1.0536,-1.123,-0.97218,-0.9099
-0.57449,-0.48248,-0.58614,-0.75806,-0.67969,-0.86753,-0.65969,0.020568
-0.074876,-0.28095,-0.10798,-0.34104,-0.32378,0.26371,-0.60222,0.020568
-2.0317,-2.0947,-1.7815,-1.5074,-1.4568,-1.4788,-1.5002,-0.9099
1.424,1.2306,1.2069,1.8297,1.8162,2.33,1.5529,0.33072
-0.74103,-0.63363,-0.58614,-0.83759,-0.61888,-0.97701,-0.95423,-0.9099
-0.61612,-0.73439,-0.82522,-0.82331,-0.77882,-0.81736,-0.88957,-0.28959
0.63291,0.42441,0.48972,0.6388,0.80929,0.40512,0.48971,0.020568
0.71618,0.62594,0.84834,0.78562,0.7755,0.9388,0.61901,0.020568
0.50801,0.67632,1.0874,0.058643,-0.057972,-0.0191,0.25983,0.64088
-1.2406,-1.1878,-1.0643,-1.1037,-1.0649,-1.0956,-1.141,-1.22
0.3831,0.37403,0.1311,-0.17994,-0.24043,-0.078399,-0.40466,0.64088
-0.86593,-0.78478,-0.34706,-0.74582,-0.78106,-0.64402,-0.67406,0.020568
0.3831,0.32365,1.2069,0.38594,0.3948,0.2409,0.188,-0.28959
0.0083927,-0.18019,-0.82522,-0.53374,-0.32378,-0.66682,-0.5663,-0.59975
0.29984,0.12212,1.3265,-0.041277,-0.2562,-0.0099771,0.33167,1.2612
1.3406,1.5832,0.84834,1.6502,1.8838,1.7736,1.4308,0.33072
-0.28305,-0.18019,0.25064,-0.52151,-0.60536,-0.5163,-0.49447,3.4323
1.0493,1.3817,0.84834,1.4188,1.0391,1.3266,1.8403,0.020568
0.71618,0.57556,0.25064,0.26868,0.40607,-0.073838,0.33885,-0.28959
-3.0309,-3.0017,-2.7378,-1.6533,-1.5897,-1.5973,-1.6798,-2.1505
-2.2399,-2.1955,-1.662,-1.5238,-1.4929,-1.5015,-1.493,-1.5303
0.63291,0.52517,0.1311,0.21158,0.1763,0.40055,0.065869,-0.59975
1.0909,1.1298,0.96789,1.3525,1.618,1.6367,0.83453,0.33072
0.79944,0.7267,0.25064,0.5562,0.61782,0.56932,0.47534,0.020568
-0.65776,-0.68401,0.1311,-0.80496,-0.74277,-0.82191,-0.78181,-0.9099
0.54964,0.62594,-0.10798,0.69284,0.80929,0.89775,0.29575,-0.59975
0.84108,0.67632,-0.22752,0.062722,-0.17962,-0.028223,0.0083989,0.95104
-0.86593,-0.63363,-0.58614,-0.9895,-0.93649,-0.92226,-0.88957,-0.28959
0.29984,0.22288,0.25064,0.093309,0.42183,-0.17875,-0.13527,-0.59975
1.2991,1.3817,1.0874,1.7196,1.5684,1.6732,1.7325,0.33072
-0.033242,0.1725,-0.34706,-0.079003,0.056912,0.22266,-0.35079,-0.59975
-1.2406,-1.0871,-1.5425,-1.3964,-1.3532,-1.3738,-1.3997,-0.9099
1.424,1.6336,2.1633,2.154,2.2847,2.3209,1.8761,2.8119
0.050027,0.47479,0.60926,0.30946,-0.19764,0.92055,0.41428,0.33072
0.84108,0.97863,1.0874,0.66836,0.72369,0.54652,0.82375,0.020568
0.71618,0.87786,1.0874,0.66123,0.79577,1.0027,0.044318,-0.59975
1.5489,1.3313,0.60926,2.3048,1.8342,0.73354,3.8876,2.5018
0.96598,0.97863,0.37018,0.74789,0.88813,0.2774,0.76988,0.33072
-1.2406,-1.2886,-1.3034,-1.0466,-0.77656,-1.2278,-1.2344,-0.9099
1.7571,1.5832,2.0437,2.4639,2.3005,3.0462,2.3611,0.95104
-0.24142,-0.33134,-0.58614,-0.51641,-0.22242,-0.60297,-0.71357,-0.59975
0.2582,0.021347,-0.34706,-0.46849,-0.56256,-0.31104,-0.32206,-0.59975
-0.61612,-0.63363,-0.70568,-0.73155,-0.55805,-0.86753,-0.90035,-0.9099
0.0083927,0.021347,-0.10798,-0.077983,0.21235,0.15879,-0.44417,-0.59975
0.42474,0.42441,-0.22752,-0.029042,0.19657,-0.082961,-0.18557,0.020568
-0.44959,-0.38172,-0.10798,-0.57453,-0.61888,-0.43876,-0.49447,0.64088
0.54964,0.67632,0.1311,0.29723,0.48717,0.2409,0.14489,0.020568
0.46637,0.47479,0.72881,0.20648,0.21911,0.71529,-0.13527,-0.28959
0.46637,0.22288,-0.22752,-0.062689,0.025376,-0.069276,-0.074215,0.020568
0.59127,0.42441,0.60926,0.5144,0.58854,0.65599,0.28857,0.64088
1.7986,1.5832,1.5656,2.6311,2.7308,3.0827,1.7469,0.64088
0.63291,0.67632,1.5656,0.70813,0.74847,0.9753,0.4969,-0.28959
-0.36632,-0.18019,-0.34706,-0.2819,-0.63239,-0.23349,-0.27895,0.64088
-1.3656,-1.3894,-1.1838,-1.3056,-1.2383,-1.2963,-1.3206,-1.5303
0.2582,0.1725,-0.22752,-0.36857,-0.3418,-0.43419,-0.20352,-0.59975
-0.19978,-0.33134,0.1311,-0.42261,-0.3846,-0.13314,-0.64891,-0.9099
-0.28305,-0.4321,0.1311,-0.3961,-0.72025,-0.16507,-0.13527,0.020568
0.54964,0.37403,-0.10798,-0.11672,-0.14132,-0.055592,-0.063439,-0.28959
-0.19978,0.021347,0.011561,-0.34104,-0.45443,-0.16507,-0.30769,-0.28959
-3.0726,-2.9513,-2.7378,-1.641,-1.5785,-1.602,-1.6618,-1.5303
-2.9893,-3.0017,-2.8575,-1.6513,-1.5897,-1.6247,-1.6798,-1.8404
0.96598,0.97863,1.2069,0.91306,0.55925,1.3448,1.1578,0.64088
1.2574,1.1802,0.72881,1.7991,2.1496,1.5638,1.6966,-0.28959
-0.44959,-0.33134,-0.4666,-0.50621,-0.42065,-0.79454,-0.50165,-0.59975
-0.44959,-0.48248,-0.22752,-0.62449,-0.72701,-0.67595,-0.53038,-0.28959
-0.15815,-0.029035,0.48972,-0.29618,-0.39812,-0.32472,-0.1712,0.020568
-0.11651,0.021347,0.1311,-0.066768,0.12223,0.0082685,-0.31128,-0.59975
0.050027,-0.079418,-0.34706,-0.14528,0.17405,-0.26998,-0.45854,-0.59975
1.5073,1.5832,8.9771,2.8167,3.3706,2.7908,1.9624,0.020568
-2.0733,-2.1451,-1.7815,-1.4738,-1.3758,-1.4651,-1.5146,-1.22
-0.53286,-0.33134,-0.4666,-0.75092,-0.81936,-0.64402,-0.63814,-0.9099
1.5073,1.4824,1.3265,1.8837,1.5819,2.1978,1.9912,0.64088
-0.033242,0.1725,0.72881,-0.3023,-0.35757,-0.060154,-0.31487,0.020568
-1.6154,-1.4901,-1.4229,-1.3026,-1.2743,-1.2963,-1.2487,-0.9099
0.46637,0.82748,1.3265,0.99463,0.77099,0.66968,1.2296,2.5018
0.21657,0.071731,0.1311,-0.096336,0.061417,-0.18787,-0.1245,-0.59975
0.79944,0.77709,0.60926,0.61942,0.73946,0.63774,0.31371,-0.28959
1.3823,1.3313,1.3265,0.86413,1.6698,1.9788,1.6032,0.64088
-0.78266,-0.63363,-0.58614,-0.81414,-0.66393,-0.66227,-0.93267,-0.59975
1.2991,1.3313,1.2069,1.6197,1.609,1.582,1.6714,0.64088
0.84108,1.0794,0.72881,1.0242,0.96022,1.0939,0.87763,-0.28959
1.7154,1.8855,2.1633,4.0717,3.5462,2.175,4.7281,2.1917
1.7154,1.5328,1.2069,2.2712,1.9806,3.0918,2.3467,0.33072
1.2158,0.92824,1.2069,1.4076,1.1562,1.8921,1.2656,0.020568
0.79944,0.92824,0.84834,0.64695,0.52996,0.45073,1.0859,0.95104
0.92435,0.92824,0.60926,1.2863,1.5572,0.76546,1.0859,-0.28959
0.67454,0.97863,0.96789,1.2342,1.663,0.76091,1.3805,0.33072
0.46637,0.42441,0.48972,0.079035,0.15377,0.36862,-0.1712,-0.28959
-1.2406,-1.1878,-0.94476,-1.1271,-1.0896,-1.1321,-1.1051,-0.28959
1.2158,1.3313,0.84834,1.3322,1.7104,1.0209,0.90637,0.020568
-2.2815,-2.1955,-1.9011,-1.534,-1.4568,-1.5426,-1.5397,-1.22
-0.19978,-0.33134,-0.4666,-0.58472,-0.65042,-0.58928,-0.49447,-0.28959
-1.3656,-1.3894,-1.1838,-1.2169,-1.0784,-1.2507,-1.3134,-0.59975
0.84108,0.7267,0.37018,0.76421,1.0233,0.53284,0.57233,0.64088
0.79944,0.52517,0.72881,0.6082,0.79127,0.75635,0.41069,-0.9099
0.88271,0.97863,0.25064,0.99463,1.2305,0.60126,0.94228,0.33072
-1.2823,-1.2886,-0.82522,-1.2332,-1.2519,-1.123,-1.1769,-0.59975
1.8403,1.5832,1.8047,2.2478,2.4176,2.5353,1.8761,0.33072
-1.4488,-1.4397,-1.1838,-1.2882,-1.2901,-1.3145,-1.1626,-0.9099
0.50801,0.47479,-0.34706,0.40429,0.14252,0.28651,0.080236,2.1917
1.6738,1.9359,1.4461,1.8521,1.5211,1.623,2.5586,0.33072
-1.5737,-1.5405,-1.4229,-1.3474,-1.2632,-1.3237,-1.3566,-1.5303
0.96598,0.82748,0.011561,0.74484,0.38354,0.52372,0.97821,1.5713
0.1333,-0.079418,0.1311,-0.1463,-0.19989,0.0037072,-0.1712,0.33072
-0.36632,-0.58325,-0.10798,-0.57555,-0.38685,-0.73981,-0.58067,-0.59975
0.091661,0.1725,-0.10798,-0.11775,0.077186,0.0082685,-0.42622,-0.59975
-1.9484,-1.8428,-1.5425,-1.38,-1.2992,-1.1093,-1.3924,-0.28959
-0.90756,-0.83516,-0.94476,-0.73869,-0.58959,-0.67595,-0.89676,-0.9099
0.3831,0.37403,0.37018,0.3839,0.75297,0.19985,0.188,0.020568
1.6738,1.2306,1.2069,1.8409,2.1203,1.9834,1.1937,0.33072
0.3831,0.57556,0.48972,0.13206,-0.20214,0.70161,0.17363,0.020568
0.42474,0.47479,0.96789,0.048447,-0.26071,0.017392,0.43943,0.95104
-1.2406,-1.2886,-1.1838,-1.2516,-1.2406,-1.1002,-1.3206,-1.22
-0.11651,-0.12981,0.1311,-0.42872,-0.64591,-0.38401,0.0083989,0.64088
1.0493,0.87786,0.96789,1.9663,1.9874,1.4451,2.0917,1.2612
1.1325,1.1802,0.96789,1.3239,1.0008,1.8283,0.95665,0.020568
-0.11651,-0.18019,-0.82522,-0.44198,-0.77656,-0.2791,-0.31487,0.95104
1.0909,0.97863,0.84834,0.94162,1.1765,1.0574,0.6262,0.020568
-0.19978,-0.029035,0.37018,-0.11571,-0.060225,-0.24717,0.044318,0.64088
-0.19978,-0.18019,-0.34706,-0.50111,-0.2945,-0.44331,-0.56271,-0.59975
0.46637,0.47479,-0.4666,0.22688,0.17855,0.69704,0.188,0.33072
0.3831,0.42441,0.1311,-0.15853,-0.34631,0.35493,-0.1245,0.020568
0.050027,0.27326,0.37018,-0.26457,-0.32153,-0.19244,-0.24303,0.020568
-0.074876,-0.58325,0.37018,0.19119,0.26641,0.15879,0.24546,-0.28959
-0.36632,-0.029035,-0.22752,-0.38998,-0.37109,-0.32928,-0.20711,0.020568
-1.1574,-0.93592,-0.70568,-1.1067,-1.0671,-1.0683,-1.1159,0.020568
-0.78266,-0.73439,-0.4666,-0.88041,-0.72475,-0.85841,-0.97218,-0.9099
-0.99083,-1.0871,-1.1838,-1.1016,-0.99732,-1.0683,-1.1662,-1.22
-0.32469,-0.38172,-0.58614,-0.75806,-0.7698,-0.76717,-0.63814,-0.28959
-1.1157,-1.1878,-0.34706,-1.067,-1.0739,-0.89946,-1.0692,-0.9099
0.67454,0.7267,0.25064,0.51033,0.41058,0.9388,0.38914,0.020568
2.0485,2.1375,1.3265,3.4396,3.4066,4.2048,2.8963,0.64088
1.5905,1.3817,0.96789,1.8592,2.3051,1.5181,1.5098,0.020568
0.29984,0.32365,0.37018,-0.03618,0.041143,-0.023661,-0.02752,0.33072
-0.49122,-0.58325,-0.58614,-0.83147,-0.91397,-0.81736,-0.74949,-0.28959
-1.7819,-1.9436,-1.5425,-1.43,-1.3645,-1.3967,-1.4571,-0.9099
0.59127,0.92824,0.96789,0.4573,0.36553,0.10406,1.0859,0.95104
1.1325,1.1298,1.4461,1.7277,1.413,2.736,1.517,2.1917
1.0909,1.0794,0.37018,0.97934,0.74172,1.509,1.05,0.33072
-0.82429,-1.0367,-0.70568,-0.9579,-0.83963,-0.84929,-1.0153,-0.28959
-0.53286,-0.58325,-0.58614,-0.79273,-0.76304,-0.71244,-0.78181,-0.59975
-0.78266,-0.68401,-0.4666,-0.96095,-0.93875,-1.0591,-0.965,-0.28959
0.59127,0.47479,0.37018,0.4726,0.6944,0.32757,0.43943,0.64088
0.67454,0.47479,0.48972,0.56029,0.27767,1.1031,0.61901,-0.28959
-2.4064,-2.3467,-1.4229,-1.5585,-1.5221,-1.4879,-1.5613,-1.5303
-1.6154,-1.6413,-1.7815,-1.3953,-1.3577,-1.3556,-1.353,-1.22
0.50801,0.47479,0.37018,0.62044,0.86561,0.38687,0.47534,0.64088
1.1325,1.029,0.96789,0.88146,0.63359,0.48266,0.71959,0.020568
0.92435,0.92824,0.96789,0.98546,0.76424,0.61951,1.7684,2.5018
1.2574,1.1802,0.72881,2,1.9131,1.9195,1.5529,0.64088
0.79944,0.77709,1.9242,1.3912,0.67638,0.94337,1.948,2.1917
0.88271,0.77709,0.37018,0.91613,1.2508,0.86126,0.51126,-0.59975
-1.3656,-1.3894,-0.94476,-1.2474,-1.2203,-1.196,-1.2021,-1.22
1.1325,1.0794,1.3265,1.5024,1.6901,1.5728,1.0573,-0.28959
0.091661,0.22288,0.37018,-0.090218,-0.13907,-0.10577,0.044318,0.020568
-0.15815,-0.079418,0.37018,0.026016,-0.39587,-0.028223,0.33167,0.64088
0.79944,0.92824,0.84834,0.56742,0.58628,0.54196,0.74833,0.33072
0.88271,0.97863,0.84834,0.79989,0.88137,0.65143,0.72677,0.64088
0.63291,0.42441,0.25064,0.076996,0.045649,0.13599,0.11616,0.64088
1.0076,1.0794,0.48972,0.72546,0.66062,1.1897,0.69086,-0.28959
-0.28305,-0.079418,0.1311,-0.33696,-0.67294,-0.46613,0.091012,0.95104
0.42474,0.42441,-0.10798,-0.00049363,0.011859,-0.1377,-0.020336,0.020568
-0.32469,-0.53286,-0.4666,-0.65304,-0.67294,-0.53455,-0.7459,-0.28959
1.3823,1.4824,1.5656,2.0143,1.8883,2.362,1.9839,2.8119
-0.40795,-0.4321,-0.94476,-1.4218,-0.70672,-0.84929,-0.83211,-0.9099
-1.3239,-1.3894,-1.3034,-1.2882,-1.2519,-1.351,-1.2487,-1.22
-1.9068,-1.9939,-1.4229,-1.4861,-1.4479,-1.4103,-1.493,-0.59975
-1.1574,-1.1375,-1.3034,-1.173,-1.155,-1.123,-1.1051,-0.9099
-0.19978,-0.18019,-0.10798,-0.096336,0.0073543,-0.21068,-0.0023767,-0.28959
-0.24142,-0.079418,-0.4666,-0.34308,-0.44543,-0.17875,-0.35079,1.5713
1.2158,1.3817,0.84834,1.7909,1.5324,1.883,2.4149,0.95104
-1.7403,-1.7421,-2.0206,-1.382,-1.3262,-1.4012,-1.4355,-1.22
0.67454,0.62594,0.1311,-0.053513,0.088448,0.4188,-0.13527,-0.28959
-1.2823,-1.1878,-1.1838,-1.1985,-1.1234,-1.237,-1.22,0.020568
0.42474,0.7267,0.25064,0.24014,0.343,0.72898,0.083829,-0.28959
-0.57449,-0.38172,-0.82522,-0.68566,-0.64591,-0.51173,-0.7459,-0.28959
0.79944,0.27326,0.37018,0.3737,0.52996,0.50547,0.25983,-0.59975
0.091661,-0.18019,-0.34706,-0.46849,-0.44993,-0.28822,-0.50165,-0.28959
-0.82429,-0.63363,-0.70568,-0.9426,-1.0559,-0.90858,-0.8752,0.33072
0.2582,0.47479,0.72881,0.030095,-0.22692,0.090375,0.43943,1.5713
-0.32469,-0.23057,-0.82522,-0.55618,-0.28548,-0.69875,-0.76026,-0.9099
0.59127,0.57556,0.84834,0.58374,0.18982,0.66968,1.0859,0.95104
1.424,1.5328,1.0874,1.9225,2.0731,1.3721,1.4236,0.020568
1.424,1.4321,1.0874,1.7339,2.0077,2.0153,1.1326,0.020568
-2.6146,-2.5985,-2.0206,-1.5972,-1.529,-1.5882,-1.6223,-1.8404
1.0493,0.97863,0.84834,0.77236,0.68089,0.74266,1.0859,0.020568
0.091661,0.021347,-0.10798,0.06782,-0.33279,-0.25629,0.5831,1.2612
-0.24142,-0.079418,-0.10798,-0.44606,-0.39361,-0.33841,-0.68124,-0.9099
-0.49122,-0.63363,-0.70568,-0.88856,-0.79684,-0.97701,-0.85365,-0.59975
-0.11651,-0.079418,-0.4666,-0.26151,-0.05572,-0.63945,-0.31487,0.020568
-0.32469,-0.28095,-0.4666,-0.72644,-0.6842,-0.66682,-0.65969,-1.22
1.8819,2.0871,1.5656,2.9258,2.0798,2.2115,3.4997,0.64088
0.79944,0.87786,0.72881,0.47566,0.056912,0.29564,0.72677,0.33072
-0.19978,-0.28095,0.37018,-0.3543,-0.53553,-0.34296,-0.24303,2.1917
1.2158,1.3817,0.48972,1.4535,1.0774,0.69249,1.8403,1.5713
0.34147,0.27326,0.25064,0.32883,0.99176,0.017392,-0.23585,-0.59975
1.8403,1.7847,1.2069,2.3191,2.1811,2.3391,2.4904,2.5018
-2.6562,-2.5481,-2.2597,-1.6034,-1.5425,-1.5973,-1.6044,-0.9099
0.54964,0.62594,0.25064,0.06578,0.24163,-0.15138,0.073053,-0.59975
1.0076,0.7267,0.25064,0.74075,1.1089,0.71986,0.33167,-0.28959
1.0909,1.1298,1.4461,1.4657,1.5932,1.2171,1.6319,-0.28959
1.1741,0.97863,0.60926,1.0609,1.0774,1.2489,0.87045,-0.28959
-0.86593,-0.93592,-0.58614,-0.96605,-0.7653,-1.0545,-1.0907,-1.22
0.75781,1.2306,0.72881,0.59393,0.98274,0.26371,0.33885,-0.28959
-1.1157,-1.2382,-0.94476,-1.117,-1.0447,-1.082,-1.1626,-0.9099
1.1325,1.2809,1.5656,1.2495,1.0503,0.88407,1.8044,0.020568
-1.2823,-1.2886,-0.82522,-1.2128,-1.2114,-1.1138,-1.1769,-0.28959
0.46637,0.52517,0.25064,0.44915,0.72594,0.11774,0.47534,0.020568
0.59127,0.67632,0.60926,0.78358,1.1787,0.57389,0.25265,-0.28959
-1.8236,-1.7925,-1.4229,-1.3719,-1.315,-1.3328,-1.3709,-0.9099
-1.2823,-1.339,-1.3034,-1.1995,-1.1505,-1.1595,-1.2129,-1.5303
0.3831,0.1725,-0.22752,-0.095317,0.045649,-0.055592,-0.3041,-0.59975
0.34147,0.12212,0.37018,-0.17484,-0.22242,0.049322,-0.056255,-0.28959
-0.44959,-0.33134,-0.82522,-0.73562,-0.86892,-0.66227,-0.49447,0.020568
-0.15815,0.021347,0.25064,-0.3961,-0.52427,-0.42963,-0.1712,2.1917
-0.90756,-0.83516,0.011561,-0.83963,-0.92749,-0.72157,-0.68124,0.020568
0.050027,-0.029035,0.25064,0.12288,0.20784,0.42792,-0.1712,-0.59975
-1.0741,-1.1375,-0.94476,-1.0925,-0.98831,-1.082,-1.1266,-0.9099
