-0.82429,-0.98631,-0.82522,-0.94566,-0.90271,-0.8949,-0.96141,-1.22
0.63291,0.42441,0.011561,0.016839,0.047902,-0.032784,0.026359,0.020568
0.63291,0.7267,0.72881,0.46343,0.44212,0.57389,0.53641,0.020568
-0.24142,-0.23057,-0.10798,-0.339,-0.26521,-0.15595,-0.38671,0.33072
-1.2823,-1.2382,-1.0643,-1.2292,-1.1077,-1.1777,-1.2308,-0.59975
0.091661,0.12212,-0.34706,-0.18504,-0.019677,0.081252,-0.42622,-0.59975
0.091661,0.42441,0.37018,-0.043317,0.027628,-0.29735,0.14848,0.020568
0.71618,0.87786,0.48972,0.53071,0.49393,0.15879,1.0428,0.33072
0.0083927,-0.029035,0.25064,-0.068807,-0.23367,0.22266,0.11616,1.2612
0.92435,1.0794,0.72881,0.91001,0.67413,0.96162,0.72677,1.8816
0.96598,0.97863,0.37018,1.17,1.5572,0.77459,0.69086,0.020568
0.88271,0.77709,1.0874,0.68977,0.84983,0.61951,0.72677,0.020568
1.6738,1.684,0.84834,2.6412,1.8275,2.4715,4.3905,3.1222
0.34147,0.22288,0.25064,0.0046044,0.29344,-0.064714,-0.14246,0.020568
-0.82429,-0.83516,-0.94476,-0.87837,-1.0852,-1.0591,-1.0368,-1.22
0.96598,0.92824,0.25064,0.49299,0.052407,0.82021,0.87045,-0.59975
0.71618,0.57556,-0.34706,0.19119,0.34524,0.085813,0.15207,-0.28959
0.17493,0.22288,0.37018,-0.051474,0.2236,-0.33384,-0.077806,-0.9099
0.71618,0.67632,0.84834,0.39817,0.2236,0.73354,0.59747,-0.28959
0.79944,0.77709,0.96789,0.66327,0.6043,0.68793,0.54718,0.64088
0.42474,0.42441,0.48972,0.25746,0.36327,-0.11033,0.22391,1.8816
-0.78266,-0.68401,-0.82522,-0.7917,-0.54454,-0.96788,-0.94345,-1.22
0.63291,0.52517,0.25064,0.82844,1.0954,0.85213,0.36759,-0.59975
0.50801,0.47479,0.25064,0.32272,0.343,0.24546,0.51126,0.33072
-1.6154,-1.5405,-1.0643,-1.3392,-1.3217,-1.4149,-1.2847,-1.22
-0.9492,-0.98631,-0.70568,-1.0476,-1.0604,-0.89946,-1.0332,-0.28959
0.79944,0.7267,0.84834,0.43181,0.47139,0.3823,0.43943,-0.28959
0.84108,0.67632,0.84834,1.0435,1.3364,0.93425,0.70522,0.020568
-0.19978,-0.33134,0.011561,-0.45829,-0.52878,-0.35664,-0.42982,1.5713
0.59127,0.22288,1.6851,1.4188,1.3229,1.9651,1.2296,0.33072
-0.074876,-0.23057,-0.22752,-0.41955,-0.33279,-0.47525,-0.45854,0.020568
0.79944,0.7267,0.48972,0.57864,0.91966,0.58301,0.30293,-0.59975
0.17493,0.1725,-0.10798,0.032134,0.061417,0.26828,-0.02752,0.020568
0.79944,0.7267,0.25064,0.89165,1.2125,0.70161,0.50408,0.64088
0.59127,0.67632,0.72881,0.54601,0.26866,0.4416,0.79861,2.1917
0.46637,0.1725,0.37018,0.09025,0.0096069,0.62406,0.0012152,0.020568
0.92435,1.1802,0.96789,1.1027,1.2372,1.2536,0.892,0.33072
0.59127,0.22288,0.60926,0.31762,0.41958,0.2409,0.24188,-0.59975
-0.40795,-0.23057,0.1311,-0.43076,-0.56031,-0.66227,-0.1712,1.2612
-0.11651,-0.079418,-0.34706,-0.5786,-0.44317,-0.5984,-0.72075,-1.22
1.5905,1.5832,2.4024,2.7952,1.645,2.5946,4.642,2.1917
-1.9484,-1.9939,-1.5425,-1.1292,-1.11,-1.0318,-1.4643,-1.22
-0.9492,-0.83516,-0.82522,-0.95382,-0.89595,-1.0408,-0.97578,-0.59975
1.1325,1.2306,0.72881,1.1456,1.0413,0.28651,1.5385,1.5713
0.21657,0.27326,0.011561,-0.15343,-0.13907,-0.22892,-0.045479,0.020568
-0.36632,-0.12981,0.25064,-0.30026,-0.65267,-0.36577,0.076645,2.5018
-0.44959,-0.33134,-0.34706,-0.62449,-0.59861,-0.69875,-0.55193,-0.59975
0.21657,-0.23057,-0.22752,-0.20646,-0.073741,-0.16507,-0.35079,-0.59975
0.92435,0.92824,0.96789,0.87228,0.80929,1.0164,0.79861,0.020568
-0.11651,-0.68401,0.96789,-0.26151,-0.2134,-0.14225,-0.27895,0.33072
-2.0317,-1.9939,-1.4229,-1.4687,-1.4343,-1.4058,-1.4679,-0.9099
-1.3656,-1.4397,-1.1838,-1.2688,-1.2676,-1.1275,-1.2847,-0.59975
0.34147,0.57556,0.25064,0.61127,0.079438,1.5683,0.65494,1.8816
1.0909,1.029,1.8047,1.947,2.3838,2.0883,1.2978,0.33072
0.34147,0.47479,-0.22752,0.46751,0.35877,0.76546,0.43943,0.020568
-0.61612,-0.58325,-0.94476,-0.94057,-0.95902,-0.72157,-0.85365,0.020568
-0.78266,-0.78478,-1.0643,-0.99665,-1.0266,-0.87209,-0.91113,1.2612
-0.57449,-0.63363,0.25064,-0.50825,-0.8599,-0.50718,-0.1712,0.95104
0.79944,0.52517,0.48972,0.24829,0.59529,0.17704,-0.077806,-0.28959
-0.28305,-0.079418,-0.58614,-0.52966,-0.4657,-0.43876,-0.67406,-0.28959
0.29984,0.12212,0.011561,0.016839,0.24613,0.30476,-0.27895,-0.59975
-0.32469,-0.53286,-0.82522,-0.67445,-0.63915,-0.77174,-0.62018,-0.28959
0.92435,1.029,0.37018,0.32068,0.20558,0.40968,0.51126,0.020568
0.71618,0.77709,0.84834,0.84782,0.83182,1.0619,0.7627,0.64088
-1.0324,-1.0871,-0.58614,-1.0415,-1.0176,-0.98613,-1.044,-1.22
0.54964,0.92824,0.25064,0.6388,0.56601,0.77003,0.7627,-0.28959
0.79944,0.7267,0.60926,0.43691,0.55925,0.36862,0.51126,0.020568
0.84108,0.97863,0.84834,0.6551,0.84758,0.68793,0.47175,0.33072
0.0083927,0.071731,0.1311,0.033153,-0.030941,-0.15595,0.34963,-0.59975
0.79944,0.57556,1.0874,0.90797,0.9895,1.1486,0.5831,0.64088
-0.44959,-0.4321,-0.4666,-0.50315,-0.31252,-0.80823,-0.66688,-0.59975
1.6321,1.7344,1.2069,2.5689,2.8659,2.7132,2.0953,0.95104
-2.8644,-2.7497,-1.4229,-1.6226,-1.5537,-1.5837,-1.6439,-1.5303
-0.82429,-0.93592,-0.94476,-0.92119,-0.87793,-0.99069,-0.96141,-1.22
-2.3231,-2.1955,-1.9011,-1.5146,-1.4298,-1.5198,-1.5361,-1.8404
0.21657,0.071731,-0.10798,-0.10959,-0.25845,-0.014539,0.15207,4.0527
-0.74103,-1.0871,-0.4666,-0.47359,-0.45219,-0.37946,-0.53398,-0.59975
-0.074876,-0.48248,-0.34706,-0.72644,-0.80134,-0.50718,-0.72435,-0.28959
1.7154,1.7847,2.0437,2.8585,3.9652,2.2023,2.3288,1.2612
0.29984,0.42441,0.37018,0.1708,0.00059639,0.82477,0.79861,0.020568
-0.69939,-0.53286,-0.34706,-0.71625,-1.0243,-0.90402,-0.35079,-0.28959
-1.0324,-0.98631,-0.94476,-1.1037,-1.1032,-1.0683,-1.0332,0.020568
-1.6154,-1.4397,-1.1838,-1.323,-1.3127,-1.3191,-1.2847,-1.22
0.75781,0.67632,-0.22752,0.028055,-0.028688,0.099498,0.08742,-0.59975
0.46637,0.22288,0.72881,1.328,1.3252,1.3083,1.2692,0.020568
0.42474,0.52517,0.60926,0.26256,0.55024,0.12687,-0.020336,0.020568
1.3823,1.1802,1.4461,1.9449,2.51,1.3858,1.5961,0.64088
0.21657,0.42441,0.25064,0.3788,0.2146,0.19073,0.34963,0.020568
0.71618,0.52517,0.48972,0.34923,0.60655,0.14967,0.25983,0.020568
1.0493,1.1802,0.96789,1.6258,1.0706,1.4953,2.0917,2.5018
1.2574,1.029,0.25064,0.74993,0.52095,1.1258,1.0573,0.33072
-1.1991,-1.1878,-1.3034,-1.224,-1.2225,-1.2233,-1.1769,-0.9099
1.0493,1.1298,1.6851,1.7329,1.3837,1.1623,1.5888,0.33072
0.1333,0.12212,-0.4666,-0.03516,0.14701,-0.32016,-0.11013,-0.28959
-1.6154,-1.5405,-1.4229,-1.2719,-1.2158,-1.2872,-1.3206,-0.9099
-0.40795,-0.48248,-0.70568,-0.76825,-0.75854,-0.74437,-0.78181,-0.59975
0.63291,0.67632,0.25064,0.36453,0.37453,0.36862,0.29575,1.5713
-2.2399,-2.2459,-1.662,-1.5371,-1.4929,-1.4833,-1.5361,-1.22
-0.15815,-0.18019,-0.58614,-0.34409,-0.24719,-0.22892,-0.45854,-0.59975
1.2574,1.029,0.72881,1.4239,2.0257,1.2536,0.73396,0.33072
0.050027,0.1725,-0.22752,-0.14324,-0.15484,0.14967,-0.24303,-0.59975
-0.9492,-0.88554,-0.58614,-0.9008,-0.87568,-0.73069,-1.0081,0.33072
0.84108,0.37403,0.48972,0.53275,0.45337,1.0574,0.46816,0.33072
0.34147,0.1725,-0.94476,-0.23296,-0.24269,-0.13314,-0.42263,0.64088
0.88271,0.7267,0.25064,0.45629,0.14701,1.4178,0.33167,0.64088
-0.69939,-0.68401,-0.34706,-0.69179,-0.83738,-0.84929,-0.27895,0.95104
-1.1157,-1.0871,-0.82522,-1.1618,-1.1888,-1.3008,-1.1051,-0.59975
1.0909,0.97863,0.60926,1.0977,1.0098,1.5591,1.1291,0.020568
-0.28305,-0.28095,-0.4666,-0.61123,-0.64366,-0.37946,-0.60222,0.33072
0.88271,0.82748,0.72881,0.79174,0.86561,0.28651,0.51126,0.33072
0.0083927,0.021347,0.84834,0.09229,-0.0039089,0.2409,-0.24303,2.5018
-0.74103,-0.12981,-0.82522,-0.94872,-1.0063,-0.75349,-0.78181,-0.28959
1.1325,0.92824,0.84834,1.017,0.88588,0.91143,1.2189,-0.28959
-1.3656,-1.4901,-1.4229,-1.324,-1.2856,-1.3602,-1.2847,-1.5303
-1.3656,-1.339,-1.3034,-1.2872,-1.2834,-1.269,-1.2129,-0.28959
0.59127,0.47479,0.48972,0.4308,0.41734,0.77459,0.35322,-0.28959
0.21657,0.27326,0.011561,-0.17077,-0.05572,-0.060154,-0.088582,-0.28959
0.50801,0.42441,0.72881,0.081074,-0.12105,-0.15595,0.22391,3.7424
1.7986,1.9863,1.4461,3.3927,3.5417,3.5982,2.045,0.95104
0.050027,0.12212,0.72881,-0.0015132,0.22811,0.25003,-0.63455,-1.22
-1.5737,-1.4901,-0.94476,-1.2985,-1.2654,-1.1138,-1.2129,-0.59975
-0.15815,0.1725,-0.34706,-0.443,-0.51525,-0.39314,-0.27895,-0.28959
-0.033242,-0.079418,-0.34706,-0.55006,-0.47471,-0.37946,-0.64532,-0.59975
-1.3239,-1.1375,-1.0643,-1.1801,-1.1347,-1.1503,-1.141,-0.28959
0.17493,-0.029035,-0.10798,-0.47766,-0.40263,-0.56648,-0.38671,-0.59975
-0.19978,-0.12981,0.25064,-0.23296,-0.16159,-0.069276,-0.31487,-0.28959
-2.7394,-2.7497,-2.3793,-1.6237,-1.5582,-1.602,-1.6475,-1.8404
0.091661,0.32365,0.25064,-0.31045,-0.4657,-0.37946,0.15207,0.64088
-1.2823,-1.339,-0.94476,-1.2413,-1.1956,-1.237,-1.2487,-0.9099
-0.53286,-0.28095,-0.10798,-0.70707,-0.68645,-0.52998,-0.67406,0.020568
0.050027,0.071731,0.25064,-0.10449,-0.5513,-0.35664,0.65494,3.1222
-0.86593,-1.0367,-0.94476,-0.99358,-0.87793,-0.94051,-1.0979,-0.9099
1.6738,1.6336,1.5656,1.6126,1.7328,1.2261,1.79,0.33072
-1.4904,-1.5405,-1.3034,-1.2811,-1.146,-1.31,-1.3566,-1.5303
0.21657,-0.029035,0.25064,0.19323,0.23712,0.3002,0.0083989,-0.9099
0.17493,0.021347,0.011561,-0.17994,-0.012919,-0.028223,-0.2574,-0.28959
-0.53286,-0.63363,-0.58614,-0.83045,-0.7653,-0.717,-0.91831,-1.22
-1.1574,-1.2382,-0.82522,-1.0976,-1.0716,-1.0226,-1.0871,0.64088
1.4656,1.7847,1.0874,1.9959,1.5594,1.2854,1.6966,5.9135
-1.1157,-1.0871,-1.1838,-1.067,-0.97479,-1.0591,-1.1051,-0.28959
-0.32469,-0.38172,0.011561,-0.52252,-0.69997,-0.35664,-0.45854,0.020568
0.17493,0.22288,-0.22752,-0.1412,-0.0061615,-0.25174,-0.23944,-0.59975
-0.033242,-0.23057,0.60926,-0.076963,0.070428,-0.0054158,-0.41185,0.020568
-0.44959,-0.58325,-0.10798,-0.53374,-0.57608,-0.31104,-0.62018,0.33072
-0.033242,-0.079418,-0.4666,-0.011709,-0.27648,-0.00085429,0.188,1.5713
-0.65776,-0.88554,-0.4666,-0.91915,-0.93424,-0.8949,-0.85365,-0.59975
-3.0309,-3.0017,-2.7378,-1.6503,-1.5852,-1.602,-1.6726,-1.8404
-0.49122,-0.68401,-0.70568,-0.9844,-0.97705,-0.98156,-0.90394,0.33072
-2.3648,-2.2963,-2.0206,-1.5768,-1.5132,-1.529,-1.5864,-1.8404
0.21657,0.12212,-0.10798,-0.025983,0.18081,-0.29279,-0.063439,0.64088
-1.4488,-1.4397,-0.70568,-1.2638,-1.3217,-1.1093,-1.1769,-0.28959
0.88271,0.87786,0.84834,0.89879,1.1067,0.82477,0.64057,0.33072
0.2582,0.1725,0.011561,-0.083082,-0.34856,-0.19244,0.33167,0.33072
-0.61612,-0.58325,0.1311,-0.58371,-0.82387,-0.52542,-0.45854,0.95104
-0.82429,-0.83516,-0.70568,-0.86409,-0.8554,-0.80823,-0.95064,-0.59975
0.34147,0.47479,0.25064,0.26664,0.43761,0.5374,-0.063439,-0.28959
0.63291,0.52517,0.37018,0.26664,0.38805,0.076691,0.40351,0.33072
1.0493,0.67632,0.60926,1.1394,0.994,1.5318,0.50767,-0.28959
2.0901,1.6336,1.9242,2.4536,1.6923,2.6904,3.0149,2.1917
0.63291,0.57556,0.37018,0.38287,0.68765,0.60126,-0.099358,0.020568
-0.36632,-0.079418,-0.34706,-0.14221,-0.66167,-0.014539,0.0083989,1.5713
-2.6979,-2.6993,-2.0206,-1.6186,-1.5537,-1.5745,-1.6439,-1.5303
0.71618,0.67632,0.011561,0.62044,0.75748,0.5009,0.79861,0.33072
0.3831,0.7267,0.84834,0.72648,0.51645,0.73354,1.0142,0.33072
-0.9492,-1.0367,-1.0643,-1.1546,-1.1685,-1.1777,-1.0692,-1.22
0.29984,0.42441,0.84834,0.37166,0.10872,0.23634,0.94228,1.5713
0.17493,0.021347,0.1311,0.09025,-0.2517,0.14056,0.51126,2.5018
-1.0324,-0.88554,-1.0643,-1.0721,-1.0176,-1.1002,-0.99733,-0.9099
1.0909,1.1802,0.48972,1.2873,1.4715,1.1897,1.1937,0.33072
0.3831,0.27326,0.72881,0.039271,0.18306,-0.13314,0.080236,-0.28959
0.29984,0.021347,0.48972,-0.014768,-0.078246,0.031076,0.10179,-0.28959
0.63291,0.52517,0.37018,0.29519,0.3047,0.21809,0.43943,-0.59975
1.5905,1.4321,1.2069,2.3976,3.0957,2.0655,1.93,0.64088
-1.4904,-1.3894,-1.0643,-1.2882,-1.3194,-1.1913,-1.2129,-0.28959
0.34147,0.62594,1.3265,0.6388,0.12449,0.70617,0.79861,2.1917
1.0076,0.87786,1.0874,1.3556,0.75297,0.89319,1.5529,1.5713
0.71618,0.7267,0.60926,0.84578,0.89264,0.79284,0.95665,-0.59975
-1.5321,-1.4901,-1.4229,-1.2821,-1.2586,-1.1412,-1.3206,-1.22
1.9236,1.684,1.4461,2.5373,2.947,2.5992,1.7325,0.33072
-0.74103,-0.63363,-0.4666,-0.77743,-0.62338,-0.62577,-0.81774,-0.9099
0.63291,0.57556,0.37018,0.4308,0.5232,0.63319,0.29575,0.33072
-0.57449,-0.83516,-0.10798,-0.017826,0.18531,-0.082961,-0.19993,-0.59975
0.84108,0.77709,0.84834,1.0874,1.4288,0.7381,0.94588,0.020568
-0.78266,-0.83516,-0.4666,-0.78252,-0.87568,-0.73981,-0.60222,-0.59975
-1.4488,-1.4901,-1.1838,-1.3301,-1.2947,-1.3237,-1.3027,-0.9099
1.1741,1.1802,0.96789,1.5289,1.4355,0.4416,1.5601,1.2612
0.050027,0.12212,-0.22752,0.01582,0.068176,-0.12402,0.073053,0.33072
-1.0741,-1.0871,-1.1838,-1.1077,-0.99507,-1.0773,-1.1626,-1.5303
1.5073,1.5328,1.9242,2.3497,2.064,1.1669,3.7439,1.2612
-0.65776,-0.78478,-0.94476,-0.79884,-0.88468,-0.95876,-0.49447,0.95104
-1.1991,-1.1878,-0.82522,-1.1659,-1.173,-1.1823,-1.1051,0.020568
0.0083927,0.1725,1.2069,0.088212,0.46464,-0.073838,-0.28613,-0.28959
1.3406,1.029,0.60926,1.4606,1.4715,1.7963,1.1973,0.020568
0.71618,0.77709,0.72881,0.92224,1.0706,1.1213,0.65494,-0.28959
0.63291,0.52517,0.25064,0.85291,0.78451,0.84758,0.36759,-0.28959
0.17493,0.071731,1.4461,1.0793,0.93544,1.2536,1.1793,0.020568
0.42474,0.62594,0.60926,0.049466,-0.30351,-0.014539,0.79861,1.8816
-0.9492,-1.0871,-1.1838,-1.0701,-1.0378,-0.99981,-1.0297,-0.59975
-1.4072,-1.4901,-1.1838,-1.2974,-1.2721,-1.3008,-1.2487,-0.59975
0.50801,0.52517,0.1311,0.21362,0.53447,0.017392,-0.02752,-0.28959
0.75781,0.7267,0.84834,0.58986,0.3903,1.2672,0.43943,-0.28959
-0.44959,-0.079418,0.48972,-0.64998,-0.89144,-0.98156,-0.29332,1.2612
-1.4904,-1.5405,-1.0643,-1.2933,-1.2023,-1.31,-1.3206,-1.22
0.050027,0.021347,0.25064,-0.44198,-0.52202,-0.25629,-0.35438,0.33072
0.79944,0.62594,-0.10798,0.38899,0.7755,0.18161,0.062277,-0.59975
0.050027,-0.079418,0.1311,-0.55822,-0.74728,-0.457,-0.31487,-0.28959
0.50801,0.42441,0.1311,0.31558,0.56376,0.5602,-0.13527,-0.28959
-0.033242,0.1725,0.37018,-0.11265,-0.28098,-0.52542,0.11616,2.1917
0.71618,0.57556,0.48972,0.49707,0.55925,0.64687,0.29575,0.020568
0.71618,0.7267,0.25064,0.65409,0.92192,0.85213,0.18081,-0.59975
0.79944,1.029,0.84834,0.65613,0.352,0.4188,1.1578,0.64088
-1.3656,-1.4397,-1.5425,-1.326,-1.2654,-1.3282,-1.3278,-1.22
0.2582,0.12212,0.011561,0.080055,-0.1323,0.56932,-0.20711,0.95104
-0.74103,-0.73439,-0.94476,-1.0181,-1.0378,-1.009,-0.92549,-0.9099
-0.74103,-0.63363,-0.4666,-1.0343,-1.0334,-1.1367,-0.86443,-0.9099
0.0083927,0.32365,0.25064,0.028055,0.041143,0.16336,0.0083989,0.64088
0.50801,0.62594,0.1311,0.26052,0.19433,0.51002,0.188,-0.28959
1.5073,1.3817,0.72881,1.532,1.2801,2.5171,0.188,0.33072
-2.1149,-2.0947,-1.662,-1.4861,-1.4659,-1.424,-1.4643,-1.5303
-0.36632,-0.28095,-0.10798,-0.65609,-0.75628,-0.40226,-0.60222,0.64088
-1.3239,-1.339,-1.3034,-1.2352,-1.1776,-1.3055,-1.1769,-0.9099
-0.49122,-0.4321,-0.58614,-0.73766,-0.57608,-0.80367,-0.90394,-0.9099
-1.7819,-1.6413,-1.0643,-1.3841,-1.3825,-1.3373,-1.3709,-0.9099
1.424,1.1802,1.5656,2.0183,2.0707,2.0244,1.5349,0.95104
0.46637,0.1725,0.25064,0.031114,0.023123,0.040198,0.22751,-0.28959
1.0909,0.92824,1.9242,1.0813,1.2734,1.3219,1.1937,0.95104
-0.32469,-0.48248,-0.4666,-0.63876,-0.50849,-0.71244,-0.65969,-0.59975
-2.6562,-2.5481,-2.2597,-1.589,-1.5132,-1.5472,-1.6151,-2.1505
0.96598,0.92824,0.72881,0.8886,0.92642,1.4314,0.54718,-0.28959
1.3406,1.3817,1.5656,1.9653,2.0505,2.1476,1.5961,-0.28959
0.3831,0.62594,0.011561,0.086172,0.11548,0.2774,-0.052663,0.020568
0.050027,0.1725,-0.22752,-0.097355,0.14026,0.18161,-0.1712,-0.28959
0.88271,0.97863,0.60926,0.87942,0.41958,0.86582,1.201,1.2612
0.3831,0.42441,0.48972,0.0668,0.059164,0.3367,0.11616,0.64088
-0.40795,-0.53286,-0.10798,-0.71625,-0.65267,-0.82648,-0.68484,-0.59975
-0.65776,-0.98631,-1.1838,-1.0048,-0.91848,-0.82648,-1.1014,-0.9099
-1.6569,-1.5909,-2.0206,-1.3515,-1.2767,-1.1823,-1.3924,-1.5303
1.0909,1.0794,0.48972,0.98138,0.87236,1.7188,0.7627,0.33072
-0.40795,-0.53286,-0.4666,-0.71116,-0.56481,-0.72157,-0.7459,-0.59975
-1.6154,-1.5909,-0.82522,-1.3402,-1.3239,-1.3282,-1.2847,-0.9099
0.3831,0.47479,0.25064,0.25134,0.13576,0.31845,0.25623,-0.28959
1.0076,1.029,0.48972,0.84169,1.0008,0.87038,0.54718,-0.28959
-1.4072,-1.2886,-1.0643,-1.1894,-1.1888,-1.082,-1.1769,0.33072
1.0076,0.92824,1.2069,1.4901,1.7193,1.7416,1.0464,1.2612
-0.53286,-0.48248,-0.94476,-0.7448,-0.57157,-0.79911,-0.88957,-0.9099
0.21657,0.42441,0.1311,-0.17892,-0.28999,-0.33841,0.19877,0.020568
-1.3239,-1.3894,-1.3034,-1.3076,-1.2541,-1.2643,-1.299,-1.22
-0.90756,-0.98631,-1.0643,-1.0558,-1.1122,-1.0773,-0.88957,-0.59975
1.3406,1.2809,0.84834,1.5412,1.6135,1.7963,1.3123,-0.28959
-0.49122,-0.58325,-0.4666,-0.62857,-0.71123,-0.16507,-0.38671,0.33072
1.2574,1.0794,0.1311,0.88961,1.0954,1.0802,0.61901,0.020568
-3.4473,-3.2031,-2.6183,-1.6737,-1.6077,-1.6293,-1.6942,-2.1505
-1.4904,-1.3894,-0.70568,-1.2546,-1.2496,-1.1503,-1.2129,-0.9099
0.63291,0.7267,0.37018,0.37777,0.41283,0.072129,0.61901,0.33072
-1.6569,-1.6917,-1.662,-1.38,-1.3645,-1.3693,-1.3278,-0.59975
-1.0741,-1.3894,-0.94476,-1.0812,-0.96803,-1.091,-1.1266,-1.5303
-0.32469,-0.33134,-0.34706,-0.54394,-0.49048,-0.42051,-0.62018,-0.59975
0.3831,0.22288,0.1311,0.0086828,-0.024182,-0.33384,0.30653,0.020568
0.46637,0.52517,0.96789,0.64491,0.54348,0.8795,0.61901,0.33072
0.75781,0.77709,0.48972,0.6704,0.63584,0.62862,0.54718,0.020568
-0.82429,-0.93592,-1.0643,-0.94057,-0.77882,-1.0318,-1.0081,-0.9099
-1.4072,-1.339,-1.1838,-1.1781,-1.182,-1.164,-1.141,-0.9099
-1.4488,-1.339,-0.70568,-1.0935,-1.0671,-1.0683,-1.0656,-0.59975
1.3823,1.4321,0.96789,1.6931,2.3073,0.77459,1.4415,-0.28959
0.67454,0.62594,-0.58614,0.5817,0.14927,1.0072,0.51126,1.5713
0.50801,0.12212,0.37018,0.31762,0.37228,0.31845,0.34963,0.95104
0.3831,0.22288,0.48972,-0.03618,0.12674,-0.197,-0.074215,-0.28959
0.0083927,0.1725,-0.4666,0.076996,-0.34631,-0.041908,0.36759,2.5018
1.1325,1.1802,1.8047,1.952,1.4108,1.6504,1.2045,0.33072
0.42474,0.57556,0.25064,0.51237,1.0616,0.23634,-0.0059686,-0.28959
0.54964,0.37403,0.011561,0.20852,-0.015172,0.48722,0.29575,0.64088
0.50801,0.37403,0.011561,0.17181,0.32046,0.36406,0.10179,0.020568
-0.90756,-0.98631,-0.82522,-0.95688,-0.86667,-0.89034,-1.0584,-1.22
-0.61612,-0.53286,-0.70568,-0.755,-0.74502,-1.0363,-0.70998,-0.59975
0.17493,0.32365,0.84834,-0.11061,-0.27423,0.063006,0.188,0.33072
0.84108,0.82748,0.60926,0.6082,0.52996,0.51002,0.57233,-0.28959
-1.0741,-1.2886,-1.4229,-1.1475,-1.1707,-1.0455,-1.0692,0.64088
-1.6569,-2.0947,-1.4229,-1.4871,-1.441,-1.4423,-1.4858,-0.59975
-0.61612,-0.73439,-0.70568,-0.83452,-0.8036,-0.87209,-0.74949,-0.9099
-0.9492,-1.0871,-0.58614,-1.1608,-1.182,-1.1777,-1.141,0.020568
0.3831,0.87786,0.48972,0.53582,0.41734,0.86126,0.54718,1.2612
0.71618,0.67632,0.25064,0.28092,0.24838,0.17704,0.7627,0.020568
0.34147,0.32365,-0.34706,-0.054532,0.00059639,0.017392,-0.1712,-0.28959
0.88271,0.82748,0.25064,0.74789,1.0143,0.69704,0.43943,-0.28959
0.67454,0.67632,0.011561,0.58883,0.88137,0.69704,0.25265,-0.28959
-0.074876,0.12212,-0.10798,-0.40629,-0.35082,-0.48893,-0.1712,-0.28959
-0.24142,-0.28095,-0.10798,-0.651,-0.68871,-0.58472,-0.53038,-0.59975
0.050027,0.1725,-0.22752,-0.16975,-0.26972,-0.41138,0.044318,0.020568
0.63291,0.42441,0.1311,0.098407,0.32948,-0.23349,0.0083989,-0.28959
1.7986,1.684,1.9242,2.4129,2.3974,3.1557,1.6678,0.64088
0.71618,0.87786,0.60926,0.5195,0.41958,0.84301,0.56155,-0.28959
1.0076,1.029,0.96789,1.6126,1.9018,1.2901,1.6428,0.64088
0.88271,0.77709,1.2069,0.84578,0.46914,1.1396,1.0859,3.4323
0.84108,0.97863,0.84834,0.61636,0.82506,0.4188,0.60466,-0.59975
-2.6979,-2.5985,-2.3793,-1.5961,-1.5244,-1.5837,-1.669,-1.8404
-2.4896,-2.3971,-1.662,-1.5747,-1.511,-1.529,-1.6008,-1.8404
-0.11651,-0.18019,-0.10798,-0.39813,-0.57833,-0.014539,-0.27895,-0.28959
1.5073,1.3817,0.96789,1.4494,1.1179,1.7051,1.6211,0.95104
-1.4904,-1.3894,-1.1838,-1.2923,-1.2676,-1.2325,-1.2918,-0.28959
0.46637,0.12212,0.011561,-0.26049,-0.13907,-0.717,-0.095766,-0.28959
0.67454,0.82748,0.25064,0.6235,0.75297,0.76546,0.40351,-0.28959
1.1741,0.92824,0.72881,0.95589,1.0999,1.0072,0.86686,-0.28959
-1.2823,-1.1375,-0.94476,-1.1425,-1.0942,-1.1367,-1.1159,-0.9099
-1.3239,-1.2886,-1.1838,-1.2903,-1.2294,-1.3191,-1.2811,-0.9099
-0.36632,-0.18019,0.1311,-0.50214,-0.57608,-0.54367,0.11616,1.5713
-1.0741,-1.1375,-0.94476,-1.1364,-1.0154,-1.351,-1.1051,0.020568
-1.5321,-1.4397,-1.3034,-1.3158,-1.2721,-1.2278,-1.2487,0.020568
-0.36632,-0.38172,-0.4666,-0.64182,-0.6842,-0.45244,-0.60222,0.95104
-0.15815,-0.23057,-0.4666,-0.46543,-0.54229,-0.35209,-0.38671,-0.9099
-1.0741,-1.0367,-0.82522,-1.1109,-1.1077,-1.1047,-1.0368,-0.59975
0.46637,0.42441,0.011561,-0.00967,-0.057972,-0.037346,0.17363,0.020568
-0.40795,-0.58325,-0.58614,-0.67445,-0.54905,-0.74437,-0.70998,-0.9099
-2.1149,-2.0443,-1.5425,-1.4493,-1.3532,-1.3647,-1.4966,-1.8404
0.21657,0.27326,0.48972,0.15754,-0.078246,0.35038,0.40351,0.95104
0.0083927,-0.079418,-0.22752,-0.37367,-0.15484,-0.51173,-0.49447,-0.59975
0.59127,0.42441,0.1311,0.26562,0.46689,0.23634,0.10538,0.020568
-1.5737,-1.4901,-1.1838,-1.3158,-1.2676,-1.4286,-1.2487,0.33072
1.0493,1.1802,1.0874,1.3443,1.377,1.4269,0.99976,0.33072
-0.78266,-0.93592,-0.58614,-0.90691,-0.7698,-0.99525,-0.92549,-0.59975
-1.3656,-1.4397,-1.3034,-1.3036,-1.2925,-1.1777,-1.3206,-1.22
-0.033242,0.42441,0.25064,0.13511,0.0096069,0.049322,-0.02752,1.2612
-2.1982,-2.0947,-1.7815,-1.4942,-1.4208,-1.4012,-1.5002,-1.22
-0.11651,-0.18019,-0.34706,-0.47257,-0.29901,-0.49349,-0.59863,-0.59975
-0.9492,-0.83516,-0.70568,-1.0252,-1.0221,-0.96333,-0.99015,-0.59975
-0.19978,-0.33134,0.1311,-0.50825,-0.54229,-0.39314,-0.38671,-0.28959
-0.15815,0.021347,-0.34706,-0.3808,-0.31702,-0.43419,-0.60222,-0.28959
-2.7811,-2.8001,-2.6183,-1.6298,-1.5492,-1.5107,-1.6439,-1.22
0.63291,0.67632,0.48972,0.68366,0.65386,0.75635,0.69086,0.64088
0.75781,0.67632,0.84834,0.55927,0.46914,1.176,0.24188,0.020568
0.67454,0.37403,0.011561,0.31252,0.31597,0.25459,0.40351,0.64088
-0.074876,0.12212,0.25064,-0.31861,-0.46795,-0.42963,-0.02752,0.020568
0.050027,0.1725,-0.22752,-0.22787,-0.66618,-0.13314,0.11616,0.95104
-1.1991,-0.88554,-0.58614,-0.36959,-0.16384,-0.43876,-0.53757,-0.9099
0.3831,0.27326,-0.34706,0.13817,0.10647,0.026514,0.25983,-0.28959
1.2991,1.1298,0.84834,1.4565,1.7711,1.5546,0.97102,0.33072
-1.3656,-1.4397,-1.0643,-1.2179,-1.146,-1.2278,-1.1769,-0.9099
1.8819,2.0367,2.2829,3.4254,3.9314,3.0873,2.6808,1.2612
0.75781,0.7267,0.96789,0.67448,0.56376,0.32757,0.61901,0.95104
-0.49122,-0.48248,-0.70568,-0.67954,-0.41839,-0.87209,-0.84647,-0.9099
-0.19978,-0.079418,0.011561,-0.34104,-0.46344,-0.046468,-0.13527,-0.59975
-1.6569,-1.5909,-1.662,-1.3341,-1.2248,-1.3237,-1.4283,-0.9099
1.1741,1.1298,0.84834,1.1088,1.1112,1.2718,1.1219,0.64088
-0.49122,-0.53286,-0.70568,-0.72339,-0.58283,-0.73069,-0.85365,-0.9099
0.75781,0.92824,0.72881,0.45935,0.56376,0.43248,0.40351,0.020568
0.79944,0.82748,0.72881,0.77848,0.71694,0.68336,0.69086,0.95104
-0.15815,0.021347,-0.10798,-0.35022,-0.30801,-0.43419,-0.31487,1.5713
-0.36632,-0.48248,-0.34706,-0.58472,-0.35982,-0.71244,-0.65969,-0.9099
-2.4064,-2.3467,-2.3793,-1.5462,-1.4681,-1.5107,-1.572,-1.5303
0.71618,0.52517,0.1311,0.59087,0.53447,1.0391,0.42865,0.020568
-0.11651,-0.079418,0.011561,-0.36143,-0.513,-0.12857,-0.38671,0.020568
0.54964,0.52517,0.1311,0.14836,0.26866,-0.0191,0.15207,0.33072
-0.19978,-0.079418,-0.4666,-0.43383,-0.44317,-0.34296,-0.32564,-0.59975
-0.74103,-0.53286,-0.34706,-0.859,-0.92749,-0.97244,-0.53038,-0.28959
0.46637,0.32365,0.84834,0.80907,0.81605,0.82021,0.6298,0.020568
-1.1574,-1.0367,-1.0643,-1.1761,-1.2068,-1.1458,-1.0692,1.2612
0.63291,0.42441,0.011561,0.082093,-0.075993,0.13143,0.37477,0.33072
-0.033242,0.52517,0.25064,0.38798,0.73721,0.16336,0.10897,-0.9099
0.21657,0.57556,0.25064,0.51644,-0.0084141,0.12231,-0.35079,1.2612
-0.49122,-0.48248,-0.22752,-0.61633,-0.67069,-0.56648,-0.53038,0.020568
0.84108,0.62594,0.1311,0.3166,0.52095,0.17704,0.188,0.33072
0.42474,0.52517,0.60926,0.48178,0.62683,0.30933,0.30653,-0.59975
0.46637,0.32365,0.1311,-0.077983,-0.030941,-0.14682,0.022766,0.020568
1.0493,1.029,0.84834,0.99463,1.2396,0.72898,0.89919,0.64088
1.0909,1.1802,1.2069,1.0823,0.92192,1.2854,1.147,0.020568
0.50801,0.12212,0.1311,-0.31657,-0.31477,-0.42051,-0.13527,-0.28959
1.0909,1.4321,0.96789,0.90797,1.021,0.916,0.90637,0.020568
-1.6986,-1.7421,-1.7815,-1.4075,-1.3577,-1.4423,-1.3566,-1.5303
0.59127,0.52517,0.011561,0.3584,0.47815,0.26371,0.091012,-0.28959
0.63291,0.87786,1.0874,0.58272,0.65836,0.75635,0.92074,0.33072
0.92435,0.82748,0.72881,0.88247,0.80704,0.78371,1.0142,-0.28959
-0.69939,-0.63363,-0.4666,-0.94566,-0.87343,-0.89034,-0.92549,-0.9099
-1.2406,-1.0367,-1.1838,-1.0282,-0.99056,-1.1321,-1.0332,-1.5303
1.4656,1.3817,-0.22752,1.483,1.4108,1.7644,-0.31487,0.64088
1.0493,1.1802,1.2069,1.1007,1.0729,1.0529,1.1578,0.33072
0.88271,0.62594,0.37018,0.61942,1.0345,0.2774,0.34604,-0.59975
0.88271,0.82748,0.72881,0.70507,0.74847,0.84301,0.71959,0.33072
-1.3656,-1.4397,-1.5425,-1.3137,-1.2451,-1.3145,-1.3206,-0.9099
-0.78266,-0.68401,-0.4666,-0.89264,-0.91848,-0.78086,-0.70639,-0.9099
-1.6569,-1.6917,-1.3034,-1.3372,-1.2609,-1.3008,-1.3566,-0.9099
0.92435,0.67632,0.72881,0.74381,0.72594,0.81108,0.91714,0.020568
0.50801,0.27326,0.84834,0.31252,0.20784,0.62862,0.22391,0.020568
0.84108,0.7267,0.84834,0.48178,0.57276,0.71529,0.33167,0.020568
0.88271,0.97863,2.0437,1.4198,0.9039,1.3949,1.517,1.5713
0.29984,0.52517,0.96789,0.28805,-0.078246,0.14056,0.83453,0.64088
-0.69939,-0.58325,-0.70568,-0.91405,-0.90946,-0.83104,-0.88957,-1.22
-1.9068,-1.8932,-1.662,-1.433,-1.387,-1.3967,-1.4643,-1.22
-0.53286,-0.4321,-0.58614,-0.77539,-0.87568,-0.89034,-0.49447,1.2612
1.1325,1.1298,0.96789,1.3973,0.75072,1.0666,1.3015,2.8119
0.63291,0.67632,0.25064,0.61432,0.97148,0.14056,0.47534,-0.28959
0.71618,0.87786,1.2069,0.78358,0.47139,1.1441,0.90637,1.5713
-0.61612,-0.48248,-0.34706,-0.65712,-0.61888,-0.68964,-0.5663,0.020568
-2.0317,-2.0947,-1.5425,-1.4402,-1.3735,-1.5426,-1.4643,-1.5303
0.84108,0.82748,0.84834,0.82437,0.88813,0.60582,0.90637,0.33072
1.0909,0.92824,0.011561,0.69691,0.81605,1.2489,0.33167,0.64088
0.67454,0.67632,0.84834,0.86413,0.89264,1.1396,0.74833,-0.28959
-1.4904,-1.339,-1.0643,-1.2832,-1.2789,-1.1595,-1.2129,-1.22
0.0083927,0.071731,0.011561,-0.21359,-0.053467,-0.069276,-0.45854,-0.59975
1.0909,0.82748,0.48972,0.76522,0.83858,0.7381,0.60106,-0.28959
0.63291,0.52517,0.72881,0.7173,0.43536,1.4269,0.64775,0.33072
-0.49122,-0.38172,-0.58614,-0.60104,-0.44317,-0.75349,-0.68842,-0.9099
0.71618,0.7267,0.48972,0.8264,1.0751,0.52372,0.54718,0.64088
-0.11651,-0.28095,-0.58614,-0.63876,-0.65042,-0.61209,-0.5232,-0.59975
0.67454,0.7267,0.011561,0.33087,0.5142,0.49178,0.0083989,-0.59975
1.424,1.2306,1.6851,1.3892,1.3725,2.0883,1.05,0.020568
-1.6154,-1.5909,-1.5425,-1.4035,-1.3667,-1.3282,-1.3566,-1.5303
-1.6986,-1.5405,-0.94476,-1.3321,-1.2901,-1.269,-1.2487,-0.9099
1.1741,1.1802,0.48972,1.0894,1.2148,0.89775,0.72677,-0.59975
-1.1574,-1.1878,-1.1838,-1.1567,-1.1189,-1.1047,-1.1805,-0.28959
-0.15815,-0.23057,0.25064,-0.38182,-0.51075,-0.26086,-0.1712,0.64088
-0.32469,-0.12981,0.48972,-0.34409,-0.504,-0.47981,-0.02752,1.2612
0.091661,0.22288,0.011561,-0.22888,-0.33279,-0.19244,-0.1676,-0.59975
-0.61612,-0.78478,-0.82522,-0.77641,-0.68195,-0.8356,-0.85365,-0.28959
-0.49122,-0.48248,-0.34706,-0.79986,-0.85765,-0.66682,-0.67406,0.33072
0.59127,0.62594,0.25064,0.12798,-0.0016562,0.27283,0.044318,0.64088
0.21657,0.071731,0.84834,0.43488,-0.13456,0.47354,0.37118,1.5713
-0.28305,-0.4321,-0.22752,-0.29618,-0.87568,-0.44788,-0.24303,3.4323
-0.86593,-0.83516,-0.58614,-1.0497,-1.0356,-1.0683,-0.99733,-0.59975
