0.3876,1.2361,-0.85137,0.21718
0.78732,0.19462,-0.23806,0.84619
1.883,1.0168,-0.93206,0.33535
-0.72111,-0.18969,1.5696,0.85665
1.124,-0.18898,0.053381,0.93666
1.4675,-1.0221,0.31579,0.7194
-0.10922,1.2033,-0.54123,-0.59093
0.88666,-0.14421,-0.17444,0.99266
1.0668,-0.13821,0.080016,1.2044
1.6521,1.1498,-0.9951,-0.15085
1.6175,1.0701,-0.93346,0.074991
1.3156,0.24046,-0.65476,0.8548
1.2275,-0.88073,0.47802,0.96558
1.1235,-0.16007,-0.1645,0.86896
1.3223,-0.88426,0.27524,0.67078
1.3163,1.4209,-1.2187,-1.4821
1.5386,0.052879,-0.38537,1.3065
1.9904,0.17804,-0.63209,1.2598
-0.60988,1.4219,-1.0094,-2.2238
-0.27935,0.37373,0.3983,0.39013
0.012409,-0.43543,1.3891,0.74094
1.216,-0.69423,0.28598,1.093
1.3296,-0.80564,0.14245,0.88804
0.049556,1.3951,-0.71678,-1.5233
1.1645,-0.19215,-0.10188,1.0468
0.40815,0.47421,-0.0050643,0.60615
1.3977,-0.33953,0.14941,1.1059
1.0544,0.7397,-0.77701,0.39505
0.85947,-1.0193,0.517,0.41229
0.7507,0.27113,-0.1818,0.37351
0.29438,1.0415,-0.36987,-0.4746
0.65396,1.2125,-1.0764,-0.051139
0.41138,-1.1431,1.6523,-0.442
1.3417,0.98368,-0.96687,0.054715
0.78729,0.6364,-0.15496,-0.14162
0.56578,-0.11565,0.65417,0.99759
0.79429,1.5154,-1.0899,-1.4741
0.63982,1.3701,-1.0609,-0.85804
0.054392,1.508,-0.64641,-1.4926
1.1883,1.4011,-1.2631,-1.6046
-0.94839,1.7371,-0.25735,-3.1254
0.93313,-0.7679,0.19333,0.71448
-0.17439,0.72842,-0.069287,0.02887
1.8269,1.3909,-1.3203,-1.2482
1.2236,0.1791,-0.10884,0.85541
0.89366,1.1991,-0.99768,0.073182
1.628,-0.38854,-0.22057,1.0425
0.78482,1.5048,-1.113,-1.4169
1.936,0.72312,-0.92531,0.3932
0.13361,1.2326,-0.82292,-1.423
1.0288,1.4371,-1.1897,-1.1934
0.76569,1.0369,-0.37901,-0.27089
1.218,-1.1438,0.46352,0.31135
-0.034503,0.83737,-0.16252,0.30211
1.374,-1.2312,0.57602,0.23195
-0.25037,1.0676,-1.0514,-0.63586
0.38451,-1.2795,1.6842,-0.25242
1.5799,-0.21014,-0.14482,1.1429
0.50144,0.21895,-0.36132,0.44244
1.6527,-0.33283,-0.2486,1.0979
-0.28761,-0.50595,1.5438,0.8031
1.481,-0.90223,0.27841,0.83018
-0.798,1.5524,0.415,-1.7597
0.71535,-0.090262,0.073056,0.76433
0.10792,-0.26514,0.18598,0.79756
0.83101,0.033847,0.10229,0.74956
1.0912,0.81551,-0.5142,0.7951
1.5333,-0.036676,-0.33627,1.2776
1.4831,0.97311,-0.77501,0.3889
0.15803,-0.21507,1.0701,0.3612
1.5048,0.026094,-0.38696,1.1564
-0.1465,1.1536,0.00029533,-1.3209
-0.73922,-1.5464,1.507,1.0277
-0.77106,0.13926,-0.91181,-0.49611
-0.031777,-0.30639,-0.39094,0.63693
-0.49921,-1.4625,1.0271,0.8271
-0.6891,-1.393,0.91757,0.85234
0.014051,0.24504,-1.3698,-1.3572
-1.7278,0.92834,-0.3967,-2.6576
-0.90301,-0.060291,-0.34382,-0.26351
-1.0641,-0.34552,-0.027338,1.0628
-2.3622,0.80809,-0.20228,-2.7696
-0.36707,-1.0094,0.10429,0.85357
-1.0585,-1.2915,1.0917,0.87757
-0.081461,-0.00070763,-1.0859,0.27319
0.057864,0.26901,-1.2476,-0.28198
-0.41919,0.10437,-1.0311,-0.033909
-1.3347,-0.38325,0.17048,0.85357
-0.14195,-0.50665,0.0011074,0.93543
-0.76191,-1.9092,1.4667,-0.24995
-0.76782,-1.4064,1.0907,0.63508
-0.80152,-0.11388,-0.26112,0.056571
-1.2527,-1.5393,2.3183,0.52738
-0.7751,0.25738,-0.60603,-0.56508
-0.51462,-1.4159,0.95774,0.94774
-0.91894,-1.4262,1.0758,0.46829
-0.97217,-2.0234,1.6422,-0.32444
-1.1724,-0.43049,0.28001,1.2229
-0.80275,-0.27466,-0.14482,1.2425
-0.11147,0.30885,-1.3539,-1.5147
-1.1116,0.34059,-0.43845,-1.1639
-0.36453,-0.033848,-0.82313,0.20056
-1.8561,-1.1783,2.0899,0.31443
-0.66102,-1.7653,1.7287,1.0284
-0.10992,-0.28946,-0.43408,1.029
-0.75414,-1.8253,1.5257,0.35074
0.55719,-0.021154,-1.0106,0.66709
-1.2147,-0.024681,-0.15317,0.35135
-0.19721,-0.52357,-0.54501,0.84249
-0.2963,0.20026,-1.0112,-0.71277
-1.0976,-0.34411,-0.1812,0.59631
-0.25761,0.094487,-1.009,0.25226
-0.85193,-0.15725,-0.39054,0.2338
-1.3339,-1.5612,2.3304,0.29535
-0.32523,0.15724,-1.1697,-0.90849
-0.46756,0.017984,-0.87304,-0.039478
-1.4098,0.34446,-0.34263,-0.442
-1.0299,0.27642,-0.64262,-0.7885
-0.44497,-0.32084,-0.31182,0.45721
-1.701,-2.5318,3.3082,-0.23272
-0.14378,0.25174,-1.3527,-1.463
-0.53745,0.065572,-0.90981,-0.12072
-1.5317,0.36632,-0.37921,-0.43952
-0.82002,0.27007,-0.73824,-1.2648
-0.37082,-0.23235,-0.4138,0.25103
-0.5061,-0.31309,-0.3814,0.78464
-0.46155,0.2274,-1.1776,-1.0008
0.031661,0.29334,-1.2696,-0.38041
-1.892,0.23482,-0.077639,-0.12011
-1.4627,-0.0031782,-0.33249,-0.62724
-1.1963,-2.5914,2.8016,-0.68321
-0.073666,-0.41639,-0.41798,1.1391
-0.76743,-1.3197,1.0376,1.144
-2.0471,1.2266,-0.42156,-2.2496
0.31116,-0.003519,-1.0925,0.59815
-0.50843,-0.35998,-0.53447,0.56861
-1.7372,-1.3179,2.2016,0.31566
