-0.036758,-1.0866,0.73646,0.096552
0.371,0.29052,0.44324,0.80003
0.65882,0.27501,-0.19075,0.76679
-0.80631,1.0161,-0.71042,-0.30782
0.94002,1.2982,-1.3112,-1.3381
1.2796,1.4449,-1.2923,-1.6975
-0.66518,1.2266,0.080016,-1.8717
5.7952e-05,0.61631,0.14742,0.37474
1.2047,-0.19392,-0.068289,1.3767
-0.77166,1.7036,0.29651,-1.015
0.32464,0.39418,0.17087,0.72001
1.6222,0.33635,-0.65615,0.97789
0.048145,-0.33177,-0.036085,0.29964
-0.59359,1.5263,0.12375,-1.4907
1.5455,0.19532,-0.1651,0.95143
1.2554,-0.93996,0.50108,0.69478
1.714,0.57012,-0.99489,0.31627
1.3565,1.2368,-1.3931,-1.492
0.31296,0.23412,-0.26947,0.51014
1.7802,-0.063818,-0.3146,1.485
-0.62356,-0.063103,1.3185,1.0579
0.56736,0.018341,0.18062,0.52738
0.42686,-0.24539,0.77662,1.1502
1.1988,1.38,-1.315,-1.7726
0.2629,1.1011,-0.80146,0.13718
1.2137,1.381,-1.2361,-1.3756
0.48782,0.82362,-0.32196,0.7551
-0.56781,1.6335,-0.28816,-2.6786
1.1132,0.88743,-0.62671,0.66831
-0.97016,1.6349,0.098717,-1.9911
0.80287,-1.0433,0.6482,0.648
1.8815,0.62301,-0.88318,0.5403
1.3083,-0.99814,0.34006,0.55876
0.51948,1.1839,-0.86687,0.20734
-1.0303,1.5718,0.12475,-1.0815
0.59546,0.84442,-0.22037,-0.49059
0.62565,-1.3225,1.4782,0.16118
-0.018973,-0.2066,-0.14859,0.35566
0.25259,-0.091319,0.89908,0.35997
-0.19548,1.173,-0.10486,-1.4446
1.6688,1.075,-1.0786,-0.17979
0.317,0.71503,-0.21639,0.80433
0.073314,0.20554,0.67185,0.87511
0.93608,1.1603,-0.99728,0.10701
-0.087568,0.78131,0.14285,0.15194
1.1977,0.72631,-0.79849,0.55138
1.134,0.91281,-0.85077,0.022683
0.24545,1.0221,-0.070679,-0.78664
0.92497,-0.89518,0.86609,0.96066
-0.19698,1.4311,-1.1855,-2.345
1.2068,0.30392,-0.16093,0.73479
1.1057,0.081452,0.11442,0.91573
0.62452,0.94278,-0.63248,-1.0045
-0.64101,1.8027,-0.16391,-3.0257
0.73484,0.053594,0.30765,0.94528
1.1373,0.40546,-0.19452,0.72801
1.1452,1.3571,-1.2706,-1.5111
0.77831,-1.148,1.1502,0.56861
1.6138,1.0486,-1.0323,-0.24933
1.3753,0.23976,-0.13031,0.87634
0.23613,0.94067,-0.22892,-0.8765
-0.23563,1.2608,0.17009,-1.5172
1.1911,1.2051,-1.3412,-1.3522
0.7818,1.4963,-1.0919,-1.3732
0.030159,-0.88356,0.39254,0.098398
1.2465,1.5725,-1.2355,-1.5006
1.2883,1.4085,-1.2366,-1.4236
0.74651,0.24504,0.14721,0.69478
0.47175,-0.4587,0.97163,1.1878
0.080265,1.3183,-0.39114,-0.22472
0.98765,-0.25773,0.00089857,1.1361
-0.95475,-0.37972,-0.0146,1.2222
-0.79333,0.14138,-0.49193,-0.55275
-0.27503,-0.39347,-0.43527,0.86526
-0.88996,-1.5383,1.2114,0.40674
0.13441,0.49712,-1.545,-2.3278
-0.69156,-1.1959,1.2251,0.65047
-0.46765,0.18404,-1.1611,-1.0728
-0.14918,0.27924,-1.3468,-1.5319
-1.0258,-1.5721,1.2625,0.28611
-0.48817,0.010231,-0.86169,-0.0019245
-1.696,-1.6441,2.4519,-0.12501
-0.66074,0.037731,-0.43388,-0.22658
-1.1712,-2.3757,2.4402,-0.74419
-0.60235,-0.73795,0.73686,0.79387
-1.3809,-2.4017,3.0096,0.2738
-1.2486,-1.7978,2.0981,1.0296
-0.18501,-0.26055,-0.40048,0.50153
-2.4032,0.77109,-0.07286,-2.5825
-1.4952,0.54826,-0.47523,-2.0176
-0.15148,-1.0101,0.092336,1.0037
-1.236,-0.22389,0.30308,0.45414
-0.58842,-1.442,0.79291,0.55138
0.43836,0.38924,-1.3776,-0.57184
-1.2038,-0.2743,-0.21977,0.6
-0.67253,-0.30322,-0.59392,0.33596
-0.65325,-0.49607,0.22296,0.7551
-0.83533,-1.8073,1.7998,1.0148
-0.10217,-0.51301,-0.091351,0.79941
-1.21,-2.4127,2.4495,-0.46104
-0.8012,-1.8009,1.4575,0.2498
-0.40186,-1.2749,0.615,0.99697
-1.5454,0.35892,-0.40744,-1.287
-0.70208,-0.70445,0.66391,0.70032
-0.96682,0.29723,-0.48597,-0.026532
-1.4528,-2.6581,3.7545,-0.67893
-1.4194,-1.4417,2.1173,0.33412
-0.70035,-2.0111,1.5571,0.052859
-0.78738,-1.4886,1.2307,1.1232
-0.83462,-0.059934,-0.31361,0.033154
-0.65825,-0.64487,0.60983,0.82956
-1.4184,-2.6549,3.7604,-0.61925
-0.68825,-1.4315,1.0114,0.98281
-0.64488,-0.65403,0.25934,0.85234
-1.6332,0.47809,-0.43825,-1.9154
-0.2793,-1.0856,0.16452,1.0161
-1.28,-0.35187,-0.097906,0.58892
-0.78175,-1.4092,0.97859,0.76987
-1.1278,0.23093,-0.54123,-0.93005
-0.84032,-1.5161,0.96071,0.50584
-1.6992,0.51759,-0.47483,-2.0372
0.3189,0.37654,-1.4152,-0.6697
-1.0129,-0.050068,-0.5297,-0.13734
-0.42586,-0.30533,-0.3315,0.39874
-0.79938,-1.4011,0.98676,0.66031
-1.0483,0.20237,-0.51738,-0.87774
0.037156,0.33601,-1.4418,-1.4993
-0.49052,0.13187,-1.0488,-0.057326
-1.0575,-0.49043,0.30387,0.48799
-1.5349,-1.3638,2.0181,0.084224
0.080877,-0.3353,-0.36788,0.67878
-0.64393,-1.9751,1.8718,0.4012
-0.5397,-1.563,1.0711,0.74279
0.63113,0.3702,-1.4388,-0.43767
-0.22957,-0.70304,-0.34641,0.83572
-1.5873,0.17065,-0.12236,0.25596
-0.0097072,-0.097657,-0.66072,0.30089
