-0.54417,1.1006,-0.20302,-0.17321,0.92633,-0.22939,-0.47817,1.3309
-0.42921,0.24644,-1.358,0.85445,0.37755,-0.78648,0.76125,-0.19384
-0.66549,-0.75951,0.058797,-1.2404,-1.2597,1.5474,-1.2799,-0.014247
1.1999,0.8282,-1.0685,-1.4552,-1.3968,-0.52759,-0.65409,0.12208
-0.82878,-0.14539,1.3472,1.2369,0.87664,-1.1686,-1.7163,1.3563
-0.74339,-1.1325,-0.2911,1.1204,0.0057762,0.28568,0.8385,-0.99158
-0.66497,1.6466,-0.33882,-0.94301,0.18978,-0.98126,1.6658,1.0906
-0.00027401,-0.84257,0.67559,1.4262,-0.20767,-0.056818,0.7756,1.2054
-0.18486,-0.95241,0.060509,-0.11935,-1.4434,-1.5709,-0.30899,-0.14645
0.52121,-0.15011,-1.6953,-1.3586,1.5752,1.1992,0.49046,-1.2206
1.6444,-1.1694,-0.64825,-0.6554,0.60897,1.6416,0.023992,0.48702
-1.7263,0.69019,-1.2553,0.77513,-0.56696,0.22647,-0.47294,-0.55821
1.4965,0.019233,-1.5285,-1.6569,0.60027,1.525,0.74595,0.33874
-1.2559,0.22355,1.2695,1.1389,1.6681,0.1287,1.3794,-1.4688
-0.95605,-0.088872,-1.7323,1.1252,1.4237,-0.05758,-0.49265,0.66941
-1.155,-0.12478,-0.39665,0.35088,0.26816,1.6358,0.39129,-0.45487
-0.085062,-1.2231,0.064016,-1.6688,-0.27293,0.065783,0.44488,-0.22648
0.010993,0.020482,1.4824,-1.7102,1.026,0.99384,0.56322,-1.6349
1.1694,1.3642,-1.4818,-1.6291,-0.3015,-0.47256,-0.98658,-0.71974
0.069477,-0.027949,-0.2488,-1.1383,-1.0538,-1.38,-0.15403,0.49711
-0.61091,-1.6006,0.47642,1.1366,-1.3202,0.59902,1.0848,0.23241
-1.349,-1.3308,-0.90245,-0.042867,0.71952,1.0236,0.10123,1.5189
0.58596,1.6511,-1.5119,-0.082845,-1.2225,0.90212,-0.81828,0.42877
-0.10954,-1.5839,0.046915,-0.65643,1.6594,0.86886,-1.0107,-1.3968
1.3808,1.0881,1.6,1.2161,-0.54839,-1.6905,-0.18944,1.3364
0.14612,-1.5157,-0.45927,-1.2912,-0.2547,-0.9286,1.5375,-0.55697
-0.33396,-1.1879,-0.11105,-1.4667,-1.6012,-1.1343,-0.33124,-1.7021
0.85948,-0.99239,-0.63031,0.25704,1.2514,1.7119,-1.4322,-1.3995
0.29051,1.5379,-0.95576,0.0025186,-1.1053,0.40628,0.43447,-0.49328
0.35666,1.0213,-0.97164,1.4891,-0.24896,1.2461,-0.17514,-0.58463
0.29882,1.182,1.3395,-0.86969,1.6934,-0.1023,0.21155,0.028428
-0.75068,0.16422,-0.15553,0.22051,0.015803,1.0893,-0.68641,0.73371
-1.2384,1.2954,-0.93435,0.77257,0.52943,0.78034,0.83943,0.51404
-0.77678,1.2667,-1.3062,-1.607,1.5911,-0.57343,-0.81847,-1.5048
-0.97355,1.1769,1.249,0.41369,1.4575,-1.6603,-1.4807,1.0108
-1.2393,-0.11114,-1.4326,1.6008,0.34658,-0.89319,-0.56028,-0.54312
0.37608,-0.99312,1.3683,0.73614,0.76046,-0.52267,-0.0092525,0.39516
-1.5833,1.0333,-0.52344,-0.7458,0.86986,-1.2365,1.5832,1.4785
-0.68626,1.1248,-0.12424,-1.4626,-0.32094,-1.1459,-0.56531,-1.3953
0.31245,-0.87099,-0.78727,-0.18873,0.7405,1.4138,0.48573,0.66237
-0.19477,1.4925,1.3898,-0.21282,0.60582,-1.0053,1.3875,-0.08421
1.14,-0.98492,0.33659,0.55866,1.5173,-0.56517,-0.17231,1.1824
0.79733,-1.3501,-0.36676,-1.6112,-0.8034,0.93299,0.012062,-1.5169
1.3556,1.4379,-0.55597,-1.2219,-1.4074,-1.2587,1.4947,0.69758
0.55767,-1.0475,-1.2306,-0.089022,0.63531,-0.00025549,-1.6601,-0.6158
0.63508,1.6975,-0.50208,0.56093,0.17064,-1.4615,0.91473,-1.3005
0.44818,1.2292,0.7057,-0.80016,-0.37155,1.2813,-0.55518,-1.049
1.1183,0.14814,-1.7612,0.62176,1.0492,0.6645,1.3058,0.45984
-1.6637,-1.5502,-0.055976,0.72548,1.3311,0.32529,-1.5088,-0.47795
-1.5411,0.1247,0.64658,-1.4521,0.65556,1.4416,1.6038,-0.91775
-1.3109,-0.73936,1.6808,-0.012742,-0.70405,-1.4907,-0.92865,0.5135
-1.6684,-0.19642,0.29522,-1.352,0.66188,1.5467,-0.39046,-0.053007
0.61512,1.0408,-1.6318,0.38577,-1.7377,-0.17094,-0.43259,-0.81703
1.3486,-1.339,-0.093367,-1.4592,0.48362,0.93256,1.5521,-0.30346
0.23838,0.47945,0.011169,0.20883,-1.7392,1.549,-0.50329,-0.79816
0.30166,-1.4262,-0.8475,-0.14726,0.35359,-0.70515,-1.3749,1.6055
0.11463,-0.3042,0.27576,0.27322,-0.60606,1.6189,0.95954,0.94684
-0.43145,0.3226,1.4292,-1.2511,1.1084,0.40963,-1.0869,-0.75484
-1.29,-0.35435,-0.4995,-1.6286,0.82272,1.6043,1.1718,1.1656
1.2024,-1.4915,-0.43537,1.1852,-1.6578,0.1611,-1.6647,-1.2795
-1.3609,-0.35576,-0.27536,0.84352,1.255,0.69165,-0.36378,0.84223
0.23537,-0.94176,-0.79007,0.9414,0.12489,-0.80976,0.66302,1.7015
1.436,1.25,-1.3452,1.3011,0.33761,-0.34558,-0.71185,-1.1552
0.07253,1.5066,0.62652,1.3726,-1.1891,-0.49735,-1.0441,-1.3199
0.30738,-0.6921,0.63393,-0.77273,1.6549,-1.2845,1.2364,1.4218
0.23809,-1.398,0.81938,1.5424,-0.91481,0.8744,-0.78319,1.1842
0.5543,1.0674,0.99721,-1.187,-0.21702,-1.5645,-1.4844,1.1044
-1.3063,-1.479,1.5448,-0.97387,0.10816,-1.432,-1.4381,1.713
0.9374,-0.9249,-1.7298,-0.14278,-0.6343,-1.4748,0.29852,-0.3276
-0.43937,-1.2893,0.98641,-0.39508,-0.62784,-0.95643,-0.74387,-1.6602
1.2181,1.5524,-1.3205,-1.369,0.40236,0.50947,-1.115,-0.71936
-1.3344,0.034335,-1.0139,-1.2988,0.73901,-0.29847,-0.40251,0.14531
-0.09021,0.91353,1.5966,-0.91777,0.44175,1.2019,-0.73513,0.843
-0.27152,-1.2899,1.6913,1.7051,1.1589,-0.67317,0.34851,-1.4908
-1.1909,1.592,0.012465,0.49202,1.4145,-1.4552,-0.82584,-0.86085
-1.5531,1.2502,0.97976,0.16986,1.5112,-0.65664,-0.50146,1.0154
-1.3674,1.186,0.18178,-1.2175,0.070059,0.55612,1.3471,-1.4191
0.07839,0.43792,-1.4021,-0.79498,0.70323,1.0017,-0.1895,0.84203
-0.67667,-1.3236,0.36447,0.65489,0.79323,1.2843,1.124,0.84151
-0.46593,-0.40557,-0.35717,1.687,-1.7145,-0.24702,1.6287,0.37821
1.0488,0.47145,0.5059,0.19169,0.94466,-1.1547,-1.2743,0.010779
0.91508,0.71039,-0.71229,-1.2943,-0.70095,0.64758,-0.82724,1.6037
1.6273,-0.59625,-1.064,1.7125,1.0735,0.20696,-1.4213,0.49284
-0.87159,0.053899,-0.1156,0.85238,-0.45277,-0.8863,1.1731,-0.72147
-1.6482,-0.60759,-1.6932,-0.11823,0.13258,0.52061,1.5434,0.78248
1.2915,-0.038302,1.0319,0.0084669,1.4894,-1.2231,-1.6797,-1.3833
-1.4961,1.1088,-0.22627,1.7226,-0.62173,1.4609,-0.64604,-0.83832
-0.78691,1.0947,1.4995,-1.51,1.2693,0.80468,-0.81069,0.41633
1.1089,1.5853,0.55603,-1.5824,-0.25568,0.90547,0.67442,0.044704
1.6764,0.89452,-0.20321,0.97169,-1.4663,-0.79801,-0.2803,-1.7178
0.11103,0.14725,0.42266,1.4536,0.46713,-1.2299,-0.24408,-0.9207
-0.70791,0.6935,0.83219,-0.56684,0.31356,1.2541,-0.043596,-1.3679
-0.23297,1.3357,0.90256,0.92947,1.1849,-1.5381,1.1249,-1.2389
1.6934,-0.85093,0.79104,-0.5473,-0.98759,1.3502,1.7112,-0.51301
-0.86865,-1.2564,-1.1974,-1.5593,0.33141,1.7261,-1.1921,0.81853
-0.37104,1.1179,-1.2135,0.40991,1.6581,-1.042,-0.6049,-0.7876
-0.45267,0.31716,1.4049,0.34138,0.34739,-0.19585,-0.37937,-1.266
1.4152,0.59471,-1.1154,0.66222,-0.66296,-0.11703,-0.83578,1.5189
0.15771,-0.092344,1.294,1.5444,-1.4616,-1.0851,-0.67065,-0.7736
0.88233,1.5798,1.4954,-0.39423,1.6921,1.1012,1.3027,1.1334
1.5532,-1.0899,-1.5743,1.5318,0.050513,0.1659,1.3154,1.1351
0.1349,-1.0489,-0.72483,-1.4062,-0.78246,0.21241,1.6879,0.67144
1.0262,1.257,-0.69799,-0.030474,0.31035,-1.3083,-0.90572,0.90922
0.86873,-0.7449,-0.62809,0.17742,0.24175,-0.048597,-1.1728,-1.3729
1.1869,1.3559,-0.82876,0.030831,0.039853,1.6438,-1.5693,0.52535
-0.63759,0.42075,1.0925,-0.88007,-1.6868,-1.439,-1.1003,-0.75975
-0.050504,-1.253,-0.8709,-0.016408,-0.092925,-0.44838,0.52896,0.70768
1.4177,1.4465,0.54827,-0.17959,-0.33519,-1.1032,-0.30782,-1.329
-0.49471,-1.2217,-0.039112,-0.64965,-0.050454,1.0875,-0.51922,1.3401
1.3939,-1.3977,1.2565,-1.6421,1.5578,-0.14644,-0.70691,0.31574
-0.61957,1.282,1.4029,-0.20636,0.61406,0.73906,-1.5861,-0.07734
-0.068721,-0.67221,-1.5877,0.61286,1.5608,-0.47864,-1.1176,-1.4991
-1.4417,-1.4407,0.217,-1.5392,0.59418,1.5038,-0.59084,-1.1873
0.33338,-0.41867,-0.54501,0.85017,-1.4687,0.93713,1.4303,-0.49587
-1.0977,0.53096,1.5382,0.10404,-0.92018,1.3628,-1.531,-0.14289
0.25208,0.69552,-1.3345,-0.49892,-0.83418,-0.86573,-1.6796,1.3223
-1.6488,-0.22766,1.4553,1.3521,-0.060046,-0.29798,1.5146,1.7093
-0.97058,1.2991,0.79646,1.1817,0.26658,0.76604,1.449,0.46749
-0.44498,1.1099,1.6678,0.63263,-0.49272,1.0353,0.9063,1.6366
-0.1874,-0.88502,-0.84388,-0.33683,-1.2354,-0.58068,-1.4761,-0.64329
1.424,-0.49349,-0.48445,-0.4165,-1.0359,0.49007,1.6972,1.4163
1.0039,-0.39461,-1.0899,-0.67939,0.17732,-0.45909,-0.75511,0.81566
-0.96624,0.97765,-1.4204,-1.1264,1.7108,0.63375,-0.67414,-0.39974
-1.3965,-0.15975,0.50275,0.17178,-1.5872,-0.55136,-0.10913,-1.4694
-0.69973,0.017405,-1.2734,0.71188,1.7027,0.32107,1.2026,-0.54417
-0.29555,-1.4054,-1.6316,-0.96176,0.54261,0.8984,0.36448,-1.4463
1.001,1.7029,-1.6202,0.67084,-0.95843,1.5407,-0.56503,-1.1425
0.94619,0.97416,-0.78657,-0.5573,-1.0054,0.95737,-0.45632,-0.50277
1.1075,-1.3609,-0.26141,1.5143,-0.68629,-0.55178,0.29827,0.55646
-1.2609,1.1754,-0.44534,0.27264,-1.005,-1.6806,-0.26441,-1.4096
0.50124,1.0748,-1.7204,1.5898,0.6908,0.43239,0.72365,0.020392
0.60805,-1.4453,-0.66638,-1.1047,0.37928,-1.4032,-0.77007,0.8135
1.6021,1.6744,-0.91481,-1.3437,1.6359,0.35147,-1.3199,0.43712
0.21873,0.70082,0.66293,1.0397,-0.072358,-1.198,0.54713,1.2825
-1.1722,0.40664,0.48366,0.63532,1.371,-0.89799,0.12279,1.3679
0.97318,-0.186,0.78946,0.91046,1.1165,1.3936,-1.5728,-0.17602
0.13372,-1.189,-0.44252,-0.57612,1.5419,-0.4122,-0.14441,-0.74775
1.2352,-1.6746,1.2828,-1.4879,-0.41687,0.49939,1.3702,0.45822
0.11717,0.38031,0.069188,0.15107,1.1522,0.90893,-1.6292,1.261
0.63709,1.0691,1.3443,-0.31738,1.0815,0.89642,1.5109,-0.096397
-1.0456,-0.5751,0.53358,-0.020387,0.33875,0.87937,0.57175,-1.5304
1.2325,-1.1196,0.80603,-1.1135,-1.1116,1.6515,-1.4323,-0.031306
-0.72739,-1.2891,1.5172,-0.41339,-0.7844,-0.85778,0.36297,0.93175
0.3703,-1.5253,0.92051,0.33233,-1.5538,0.44958,1.3547,-0.91058
0.92352,-0.9068,-0.093764,1.4272,-0.68889,0.91339,-1.236,1.1036
-0.65456,1.7132,0.31671,-0.78039,-1.2404,-1.5042,0.47466,0.64929
-0.98954,-0.03652,-0.62384,-0.64789,0.68978,1.2725,0.51541,1.526
-0.8819,1.5807,-0.44197,1.3802,0.14681,-0.74441,1.0282,1.0932
-1.4157,0.13944,1.1281,-0.98965,-1.251,-1.282,0.86479,-0.6792
1.0403,0.43024,-1.4751,-1.6063,0.19394,-1.6833,-0.11649,-1.4721
1.0751,1.0791,1.2021,-1.1184,-0.61731,0.38263,1.0831,1.3846
0.15797,0.25607,1.2054,1.326,-0.12836,-1.4861,1.7122,-0.66713
-0.84026,0.96737,-1.6154,1.3913,1.535,0.91226,0.020002,-1.1359
1.5117,-0.6867,-1.3425,1.565,1.0521,0.46961,1.0197,0.95684
0.97876,1.1083,1.0803,-0.30995,1.5715,0.12027,-1.5589,1.1723
-1.6103,0.80302,1.6792,1.1912,-0.38695,1.3065,1.2002,-0.31887
0.45305,0.82082,-0.93417,0.92639,-0.25836,0.90645,0.64086,-0.73856
-0.78814,0.73568,-0.84625,-1.7235,-1.0726,0.3587,-0.88504,-0.82742
0.013327,0.65359,1.0801,-0.098931,-0.22875,1.5783,-0.56409,-0.68441
0.98583,-1.5027,-0.84969,1.2047,0.91399,-1.0426,0.42355,-0.42247
0.18075,0.52726,1.2804,-0.30881,-0.21875,-0.28037,-0.24712,0.061158
-1.137,0.34236,0.47004,-0.76514,0.43583,0.64812,-1.2527,0.92411
0.76731,1.282,1.2191,-0.58986,0.85244,0.87993,-1.3023,-0.73085
-0.55883,1.4971,-0.66163,-0.84091,-1.1886,-0.78578,-1.3809,-1.1551
-0.15273,-0.53272,0.27652,-0.32246,-0.33719,0.22425,0.72113,-0.11489
0.37863,0.64305,-0.13325,-0.0075354,-1.3115,-1.0576,-0.22967,-1.3841
-0.62767,-1.713,-1.7436,1.4372,1.0867,-0.04003,-1.6503,0.6772
-0.63281,-0.37638,-0.54397,-1.2909,0.085689,1.1762,-0.86873,0.11504
0.1401,-1.4641,1.3163,-1.4549,-0.79764,0.57479,-0.037234,0.35464
-1.5322,1.6342,1.0465,-0.58724,-1.3823,-0.068856,0.024469,-1.2991
0.17685,1.2985,0.21116,-0.89573,0.27299,-1.5219,0.021821,-0.040217
-1.4005,-0.16818,0.7974,0.034906,0.79748,0.73484,-0.56251,1.5037
-0.098209,0.089265,-0.64521,0.92261,-1.7077,0.9424,0.30005,-0.49166
-1.3721,-0.62565,-1.0659,-0.086194,-0.61749,1.3888,0.94065,0.93464
-0.3278,0.14359,1.5584,-0.60258,-0.00053579,1.0033,-1.2663,-0.33214
-0.32523,1.4151,0.67274,-0.053464,-0.044451,-0.41164,-1.168,1.6416
-0.8432,-1.6921,-1.5847,0.011428,-0.46158,1.7086,-0.19305,-0.38013
-0.4308,-1.6396,-0.80631,-0.5449,0.32685,-0.5225,0.40517,0.451
-0.025372,1.1732,-0.93587,0.9814,1.7149,-1.1641,-1.317,-1.577
0.691,-1.2052,0.14284,-0.8049,0.0022444,-1.4398,-1.6707,0.53146
-1.1298,-1.5728,-0.44289,-0.86293,0.028843,-1.6306,1.2143,0.67729
-1.5136,-0.37436,-1.1052,-1.2586,0.4085,-1.3127,-0.097111,-1.0757
-0.39932,-1.5084,0.94507,-0.82012,-0.012861,1.3094,1.1346,-0.61486
0.14988,-1.1984,1.7108,1.7512,-0.51939,1.3269,-1.3199,0.86758
-1.4984,-1.2013,0.17551,-1.1894,1.0395,-0.9681,0.37682,0.46331
0.45562,1.1242,0.049696,-1.3924,-1.3311,-0.19111,-0.10572,-1.4678
-1.2402,0.32828,1.5161,1.7392,0.011588,-1.7083,0.1045,0.97817
1.2101,-1.0934,0.57089,1.1347,-1.1052,-1.708,-0.95119,-1.1364
0.87627,-1.0577,0.81776,1.4086,-0.26048,-0.034142,1.1619,-1.5776
-1.2051,-0.57678,0.046969,-0.61713,-1.3487,-0.84028,-0.41754,-0.40683
-0.8603,0.56624,1.0053,-0.80316,-1.0961,0.5394,-0.38592,-1.7268
0.0263,-1.616,-1.2857,1.2205,0.34712,1.4484,1.6746,-0.86376
-0.023592,0.97887,-0.81661,1.6877,1.0524,1.364,0.71784,-0.62486
0.6094,-0.55489,-1.1084,0.55016,-0.47799,-1.0758,-1.3012,1.6133
1.6212,-0.60151,1.4196,-0.35041,1.1402,-1.5889,-0.82618,-0.34991
0.99923,0.40906,-0.2483,-0.95707,0.084449,0.57298,-0.29092,-1.6405
-1.7398,0.95845,-1.0672,0.73629,0.091102,1.6482,-1.6005,-0.077607
1.4127,-0.66139,-0.78124,-0.0026054,0.41255,-0.62542,1.2659,-0.047563
0.4519,1.0597,0.42774,1.2067,0.11345,0.17125,-0.88469,-1.5357
-0.66564,1.1494,0.96554,0.66556,1.4203,-0.8749,0.23738,-0.71046
-0.76112,0.11553,0.58874,0.71987,0.25618,0.30546,1.0021,-0.68185
-1.3848,-0.65382,-1.6482,-1.4401,-1.4385,0.52316,-1.4391,1.2703
-0.39027,1.1857,-1.6813,0.68907,-1.154,-1.0114,-1.6299,-1.5644
-1.2587,1.0925,1.2294,1.058,0.23153,-0.24797,1.3841,1.0513
-0.5832,-1.5457,0.63767,-0.96864,1.5449,-1.4035,0.55174,1.4382
-0.12427,1.5225,0.41454,-1.296,1.5235,0.015261,1.1915,-1.5553
0.20971,-1.2857,-0.13107,-1.1808,-0.94236,-0.61458,0.95654,1.0889
0.77617,-1.0231,1.3905,1.2953,1.3813,-1.511,1.659,1.1537
-0.044651,-1.2674,-0.61889,0.13174,-1.2476,-1.152,-1.2513,0.30463
-0.84837,1.5847,1.0652,-0.00065431,-0.15384,-0.27177,0.98765,1.0577
0.5652,0.63961,0.6771,-1.3855,-0.67516,1.14,-1.0442,-0.44569
-1.4821,0.9477,-1.2942,-0.15853,1.4446,1.3873,0.9396,-0.65293
1.5208,1.1888,-1.4573,0.3469,-1.0548,1.663,0.43578,0.092094
-0.48106,0.5512,0.60809,-0.12495,0.97563,0.092061,-0.62862,0.37698
1.5985,-1.6121,-0.56195,-0.34228,1.6057,1.6467,0.66664,-0.1016
0.53173,0.58861,-1.0334,-1.1883,0.83219,0.094956,-1.2234,0.74192
1.5396,1.1532,-0.77255,0.40555,-1.0293,-0.93973,1.4456,-1.6459
0.9078,1.6991,-1.7534,-0.040831,0.31744,-1.2499,1.355,0.17613
0.5902,0.36494,0.41982,-1.3625,1.2855,1.2567,-1.4034,-0.072096
-0.75803,-1.4506,-0.57645,-1.6813,-1.5183,0.53715,1.6449,-1.2162
1.5443,0.20984,1.0615,-0.74765,-0.60005,-1.6539,-0.44403,1.4032
1.6611,-1.0087,-1.3926,-0.11031,1.4305,-1.7036,0.067673,1.0638
-0.068058,-0.524,1.2221,0.18422,-0.45467,1.4438,-0.58367,1.151
-0.68125,-1.098,-0.095365,-0.69133,-1.0168,-1.4729,-1.2035,0.75882
-0.63488,-0.33945,0.65217,-1.6292,1.1034,1.3764,0.81228,0.19845
0.98534,-1.2269,-0.50474,1.0773,-0.7438,0.54314,-0.61242,0.2206
0.14039,-1.3551,-0.69411,-0.69699,-1.221,-0.33557,-1.4677,1.1389
1.5826,0.1785,0.39243,0.81249,-0.42428,-0.86324,1.5808,-1.0194
-0.78856,-0.788,-0.81168,-0.017302,-0.061491,0.93617,-0.26253,-0.91096
1.452,0.82156,0.59568,0.30579,-1.3074,1.2708,-1.1015,0.19464
0.67416,-0.65771,-1.066,0.98887,0.48069,0.40441,0.2764,0.37484
-1.5169,0.93022,0.40534,-1.0915,1.1645,-0.15386,0.49001,-1.3639
1.274,0.43678,-0.31299,-1.5663,-0.52174,0.54622,0.17177,-0.85174
1.5671,-0.50954,-1.1723,-0.47441,-0.31177,-0.71289,-0.25997,-0.80904
0.4216,-1.2744,-0.91752,1.5937,-0.98845,0.15341,-0.95863,-0.14256
-1.4897,-1.3088,0.5389,-1.3979,-0.30921,0.6169,-0.29737,0.39466
0.50773,-1.5629,0.84804,0.28743,-0.57689,-1.4801,0.67933,1.2995
-0.46394,-1.6596,-1.4431,1.4611,1.1323,-1.3836,0.50617,-1.3367
-0.63134,-0.60705,-0.032478,0.9646,-0.096824,0.31867,1.6344,-1.6596
-1.1092,1.5132,-0.16732,-1.5669,-0.36101,0.65931,-1.2846,-1.3205
-1.1153,1.3625,0.059846,1.7197,-0.80257,-1.289,-1.1462,-0.79691
-1.0585,0.28124,1.0248,0.33404,-1.1545,-0.93973,-1.1607,-0.84791
1.6216,1.6982,1.2771,-0.48543,-1.6844,0.34972,-0.83402,-1.1976
-1.13,1.0036,-0.82556,-1.0168,-0.24567,-1.5073,-0.13967,1.239
0.91708,-0.57652,-0.64915,-1.5115,-0.64385,0.49559,1.0971,0.69725
1.6234,-0.11175,1.4611,-1.6426,0.30137,0.91718,-0.03321,-0.13035
0.10164,0.47529,-0.75187,0.78828,1.1606,-0.025085,-0.77086,0.84045
0.19363,-1.4162,0.57049,0.039984,1.638,0.80019,1.2027,0.38503
1.3143,-1.2321,1.0494,-1.2321,1.207,-1.578,0.79953,-0.77143
1.286,-0.13985,-0.54376,-1.6399,0.64569,0.024536,-0.12192,-0.97736
-1.6916,0.50175,0.76278,1.2276,0.68453,0.20809,-0.56294,0.010917
1.0024,-0.34868,0.2628,1.6581,-0.45441,1.6138,1.423,-0.91056
0.21484,-1.5586,-1.2175,-1.4761,0.35902,1.7268,0.30266,-0.3591
-1.6032,1.1941,-0.65403,1.695,-0.43601,-1.4512,-1.6747,0.95511
-0.27521,1.3475,-1.2491,-1.5973,-0.65035,0.28769,1.2662,0.17233
-0.96623,-0.46329,1.3585,0.17426,1.2947,1.0068,-0.25038,0.62811
1.3841,0.23615,-0.86257,0.94324,1.3113,-1.6106,-1.336,1.6963
0.60421,-0.90308,0.56554,1.0417,-0.25881,-0.79483,1.5913,-0.75621
1.6347,0.43259,-0.37754,1.0799,-1.4711,0.22932,0.56293,-1.2918
0.99942,-1.6665,1.5392,-1.0676,-0.63395,0.84219,-0.21308,0.78386
-0.54927,-0.88023,-0.44927,1.3951,-1.2013,-0.56318,0.37288,1.6996
0.18204,0.38414,-0.32277,-0.46293,-0.72619,-1.4741,-1.0475,1.6566
0.013243,1.2496,-0.44769,0.14363,0.49627,-0.16721,-1.2647,1.5453
-1.3039,0.11446,0.27016,-1.42,1.4864,0.032878,-1.6502,-0.59003
1.0006,-0.098783,-0.14337,1.1831,-1.5702,0.84943,0.66588,1.6594
-0.61683,0.13685,-1.3822,0.87206,1.2307,-0.84934,1.4846,1.3506
0.04428,1.0751,0.29209,-0.76003,1.0244,1.6554,-1.6836,-1.6178
1.1052,-1.4054,-1.1387,0.75699,-0.24795,0.29841,0.16903,-0.82065
1.1035,0.81418,-1.5176,-0.38922,1.0373,0.4876,0.21545,-1.0771
-0.80414,1.3627,1.1093,-1.1557,0.83956,-0.7322,-0.87771,-1.6946
0.52757,-1.2368,-0.4119,-0.63148,-0.50733,0.53782,0.50707,-0.67738
1.3524,1.4264,1.2035,-0.10769,-1.5091,1.3136,-1.5364,1.5218
-0.12331,-0.99099,0.1355,1.6137,-1.7335,1.3751,1.1868,1.6774
1.3902,0.40993,0.67764,0.94413,0.87649,-1.5096,0.24913,-0.023655
-0.68679,0.41141,-0.28527,-0.53788,-1.0243,0.63433,-1.2966,-0.57051
0.49972,1.0289,-1.5617,0.29469,-0.067616,-0.0055036,1.3859,-1.4987
0.46249,0.08368,1.1217,-0.49741,0.45674,0.72992,-1.5086,-0.80718
-0.37846,0.7553,0.7195,0.80858,0.079589,-0.054276,1.4405,0.55551
-0.24173,-0.047006,0.46185,1.4503,1.1081,-0.18309,-1.552,1.3853
-1.5186,-1.3587,0.17775,1.1328,-0.66041,0.16479,-0.5136,0.037466
0.53463,-1.355,-1.6547,1.607,1.4032,1.5006,0.23135,-1.0779
1.5388,0.73013,0.53715,-1.5136,0.65069,-0.62594,0.17364,0.88144
-1.0747,0.93435,-1.2046,-1.4629,1.2601,-0.67493,1.1984,1.2734
-1.6579,0.36921,-1.6162,0.8186,0.30713,1.0363,-0.26264,-0.61517
-0.98649,-1.2055,0.68268,0.59413,-0.6417,-0.58299,-1.581,0.064197
-1.4096,-1.4784,-0.47283,-0.21313,-0.71235,0.35508,-1.39,0.93798
0.88602,1.7276,-1.5991,-1.4188,0.83946,-0.89585,1.5973,-1.313
1.5675,0.44601,0.45853,-0.55914,0.33698,0.313,0.47704,0.61734
0.43834,1.4359,0.89211,1.7516,1.6854,-0.72106,0.62139,-1.1845
1.67,-0.1801,-1.071,1.6963,-0.34258,1.664,1.3662,0.38299
-1.68,-0.27984,0.2165,-0.25079,-1.0681,-0.73056,0.47879,-0.90456
0.87555,-1.042,0.73598,1.2015,1.2094,-0.52449,0.45965,-1.0019
0.96068,-0.70472,-1.5943,1.6094,-0.66718,-0.95901,-0.39425,-1.5096
0.39125,0.76182,0.23068,0.82165,-1.6237,1.0853,1.6853,1.4152
-0.13024,1.4772,0.058823,-0.69575,1.042,0.92661,0.19786,-0.94553
-0.64579,-0.79276,0.1728,0.23951,0.46702,1.3708,-0.27315,-1.5147
-0.4288,-1.5575,0.82705,1.204,1.1834,1.1211,-1.3019,0.59964
-0.45063,1.5243,0.82121,-0.49439,0.5707,0.35917,-1.6497,-0.3788
-0.3128,-0.37899,-1.7037,-0.66554,-0.29831,-1.2273,-1.1538,-0.43134
-0.072231,-1.6487,-1.5155,-0.80686,1.52,-0.17617,1.103,-0.61162
1.2508,-0.08867,-0.072055,1.169,-0.89654,1.4904,-0.30837,-0.84215
-0.86943,-1.4453,-1.4704,-0.57905,0.47705,1.2118,1.0253,-0.51525
0.40018,-0.17262,0.80216,1.3961,1.1918,0.56778,0.39486,-1.0469
-0.8441,0.77548,0.47311,0.041112,1.2964,-0.36848,1.7026,0.98013
-0.63792,1.227,-0.58585,-1.6833,-0.17627,-0.61494,1.5178,-1.0084
-0.87831,-1.7083,0.30301,-0.32088,-1.2454,1.4282,1.6786,-0.95751
0.58809,0.14753,0.40965,0.95058,-0.060085,0.92746,1.4871,1.215
-0.3758,-0.37764,-1.1973,-1.6358,-1.2318,-0.46565,0.012901,-1.4672
-1.1275,0.70484,-0.27301,-1.3646,-0.33538,-0.94831,-0.43519,0.64307
-0.36022,1.2082,1.6769,-0.98477,1.5551,1.3132,-1.1294,1.1739
1.7137,-0.078199,0.76202,0.73872,-1.2576,-1.0111,0.25919,0.088033
-0.85772,-0.12995,-0.73463,0.18483,-1.4461,-0.85864,-0.89937,-1.0767
-1.5061,1.2828,0.92995,-0.69579,-1.5373,1.0473,-0.37206,-0.4838
1.2838,1.1211,-0.22083,0.39555,-1.5713,-1.6378,0.33827,1.5164
1.575,-0.13278,-0.3572,-1.5895,-0.66212,-1.4447,1.0267,1.5887
1.6452,1.2285,-0.43139,-0.30727,0.76155,-1.6854,0.042639,-0.7348
1.2719,0.82189,0.84179,0.30076,0.53726,-1.3213,-0.39586,1.0836
-0.20261,-0.87032,1.6445,-0.88023,1.415,-0.44642,-1.3243,0.5852
-0.018217,-0.95574,1.2119,1.4611,0.51055,-0.66661,-0.79777,0.90498
0.29907,0.41182,0.66792,0.29023,1.48,-1.0718,0.47271,-1.2365
-0.76198,1.5393,-1.4737,-0.29274,-1.1342,-1.1355,-1.4327,-1.2698
-1.5119,-1.6484,-0.71149,1.0275,1.4534,1.5246,-0.70609,0.54614
-1.4392,0.31002,-1.062,-0.89968,0.91806,-0.35005,-0.39894,-0.73602
0.67442,1.7003,1.5404,-0.5923,0.9951,-0.4765,1.192,-0.95618
-0.56486,1.2952,-0.6775,1.7552,0.11303,0.22708,1.3971,1.7265
-1.5768,0.71956,-1.2839,0.70055,-1.0469,1.3411,0.64383,-0.72723
0.57624,-1.2256,1.7084,-0.33304,1.5314,0.44756,-0.47868,-0.26989
-1.0479,0.63802,-0.76672,0.20504,1.6538,0.18153,-1.2584,-1.1694
-0.39995,-0.72052,0.3174,-0.90013,0.98539,0.093244,0.72888,1.0129
0.81062,0.23406,0.31097,0.4774,-1.3173,-0.78786,0.74701,-1.1478
-0.052339,-0.72551,1.5173,-1.3404,0.095507,1.5136,-0.21028,0.55908
-0.81138,0.53305,-0.3156,-0.84499,1.3112,-1.5822,-0.1412,1.1833
-0.16643,-0.74999,-1.2728,0.23968,1.3573,-0.17032,-1.1556,0.15818
-1.1979,-0.11543,1.1197,1.4161,0.88006,-1.6303,0.90158,1.1888
-0.54,-0.60027,0.98635,1.7532,0.35144,1.2873,0.18645,-0.48975
-1.6604,1.1262,0.37598,0.7158,-0.50383,-1.0562,-0.29259,0.076067
1.1643,-0.14184,-1.2405,0.0021611,-1.5397,-0.96798,0.3964,0.12518
-1.7013,-0.87447,1.1363,0.89996,1.7227,0.44653,-1.7326,0.91907
0.57713,-0.39317,0.60191,1.22,-1.1471,0.78584,1.3646,0.70328
0.5042,-1.5101,0.036579,0.65209,-0.82627,-1.4273,0.19426,0.07844
1.4923,0.75794,0.41681,-0.74141,0.80812,1.4,1.225,-1.6355
-1.6623,0.90787,0.91129,0.45946,-1.4223,0.91199,0.72295,-1.456
-0.45211,-1.4865,-0.29592,-1.2464,-1.5057,-1.6238,1.2868,0.30492
-0.98288,0.73711,1.1826,0.16377,-0.58757,0.46525,-0.4017,-1.3829
-0.11163,-0.23907,-0.0060729,-0.43451,1.1583,-0.34109,-1.3853,-0.80683
-1.4254,1.694,-1.7148,-0.50936,0.71722,-0.53532,1.4042,1.7024
-0.80613,1.2598,-0.9022,1.5704,-0.98159,-1.3041,0.81635,0.40034
-1.0733,1.5838,1.2612,-1.0203,0.92697,1.2315,1.3339,-1.623
-0.42045,-0.25743,-0.56369,0.60511,-0.67053,-0.51541,-0.93718,1.4313
0.4947,-1.4189,-0.19547,1.2572,-0.54036,-0.60117,-1.4527,1.3533
-0.23209,-0.10764,-1.4936,-0.42486,-0.98885,0.34391,-0.3069,-0.80092
1.2553,1.2097,1.6962,1.2669,1.6177,0.073554,0.70483,-1.4602
1.5087,1.4905,0.49741,-0.92588,1.1955,-0.10907,1.4299,-0.12066
-0.78379,1.0328,-1.7237,0.46279,0.38814,-0.3466,-0.45678,0.44984
0.036853,-0.7334,-0.51317,0.84048,-1.0711,-0.85514,1.444,-1.1743
-0.38919,1.5574,-0.30842,-1.5788,-0.71043,0.24395,-1.2119,1.5776
0.32918,0.63577,-0.81583,-1.4485,-0.12012,1.2255,-0.42975,1.1235
-0.2346,0.053987,1.0981,-0.21237,1.0753,-0.85657,-0.75861,0.64246
1.4751,-0.045559,-0.18148,0.20323,1.3931,-1.4067,-0.33789,1.2902
-0.77096,-1.4498,1.3513,1.4325,0.11987,-1.3897,1.6689,-1.2717
-1.058,-0.45868,0.17848,0.70468,0.55937,-1.4622,1.1694,-0.81295
-0.45296,0.80273,-0.82818,1.1655,0.81385,-1.0044,1.2468,-0.57571
-1.573,-0.074377,1.1471,-1.4764,-1.0278,-1.2421,1.1125,-0.066427
0.47864,1.5246,0.90336,-0.83249,-1.4115,1.4619,-1.2876,-0.765
-0.57988,-0.48312,0.70551,-1.1369,0.18352,-0.43972,0.44982,0.64695
1.5488,0.93997,-0.64683,-0.032602,0.20128,1.6706,0.45008,0.55366
0.41082,-0.46291,-0.79677,-0.66733,1.265,0.60561,-1.2545,0.80849
-0.60092,0.87661,-0.76125,0.49408,1.6699,0.46259,1.6036,0.80709
0.85254,-0.08385,-0.93683,-0.1537,1.5537,0.3968,0.98588,-0.077883
-1.2495,-0.43122,1.2227,-0.7523,1.2365,-1.6623,0.82362,1.3897
-1.2394,0.052996,0.37481,1.4858,-0.18418,0.3551,1.6923,-1.5773
1.3638,-0.23781,1.59,-0.13013,0.70456,0.94778,-0.47938,-0.5666
0.55251,-0.29431,-1.1302,0.44229,0.56645,0.028761,-1.3128,0.38344
-0.6126,1.0101,1.1325,-0.10468,-0.55763,-1.0995,-0.54935,-0.4855
0.26328,0.13371,-0.3206,0.59987,0.86186,-1.1288,1.6242,1.4804
-1.6156,0.43162,-1.3323,-1.6389,0.20711,-1.3836,-0.954,-1.6436
0.5205,-0.25471,-0.69771,-1.1504,0.0023075,0.76958,-0.19169,0.8908
1.5149,1.5951,-0.51811,1.7001,0.12318,1.3058,0.76158,1.2742
-0.30032,1.7043,0.19294,-1.6765,0.39758,-0.22892,1.0451,-0.64044
1.2521,1.0741,0.99992,-0.16698,-0.86925,-1.3097,0.46316,-1.0543
0.79197,-1.2874,-0.3539,-0.33294,-1.1898,-0.51064,1.1411,-1.0492
-0.44854,1.3036,-1.6707,0.56793,-0.41135,0.92746,-1.4707,1.3705
0.82682,-0.76268,-0.87382,-0.38724,-0.72444,0.25192,1.1405,0.91483
-0.85997,-0.34838,0.41003,-1.1387,-0.57261,0.83481,-1.0218,-0.70751
1.5572,-1.0857,-1.1674,0.15611,1.4689,-0.23886,1.711,-0.15784
1.4738,0.70957,0.41917,1.5599,0.72415,0.56897,-0.23306,0.89775
0.22896,1.3057,1.0839,-0.56283,-0.91153,0.075316,1.1354,0.55013
-1.1808,1.3093,-0.31246,-0.23982,1.4631,1.5219,1.3384,-0.28214
0.26279,0.25575,1.176,-0.1792,-0.23121,0.49154,-1.0566,-1.0329
-1.4208,1.5759,-1.5331,1.3806,0.23621,-0.81445,-0.4916,1.1925
1.0821,1.5933,0.82523,0.78638,0.56513,-0.13892,1.2873,0.58469
1.2614,-1.5332,0.08839,0.16426,-0.08176,0.43545,-0.14208,1.4628
-0.22753,-0.26017,0.086827,-1.7162,1.1964,0.78763,0.43223,0.63956
0.92066,-1.5143,1.3204,0.84221,-0.43617,0.9896,-0.81966,-0.78034
-0.20614,-1.6618,-1.0681,0.61545,-1.2609,-1.5432,-1.3641,0.71356
-0.80917,-1.336,1.3243,-1.6032,0.68907,-0.6115,-1.7328,0.54056
-0.066171,-0.88587,-0.3496,-0.39849,0.49618,0.20399,-1.1695,-1.3507
-0.83029,0.74617,-1.3129,0.099463,-0.019433,1.7252,1.0949,0.92874
-0.43602,1.7364,-1.6113,-0.54607,-1.2678,0.75369,-0.73805,-0.22921
1.4577,0.45552,1.2244,0.79048,1.0553,0.61476,1.6802,-0.70984
-1.1816,0.072222,-1.4294,-1.3308,-1.307,-0.42911,1.6786,0.48305
-1.2689,0.36519,1.4116,-1.6764,-0.024863,-1.1709,0.047778,-0.095075
-1.0958,-0.015746,0.17637,-0.38387,-0.69219,1.0363,1.0858,-0.78539
1.3533,0.024546,-0.085473,-0.41718,-1.267,-0.82574,1.4133,-1.5831
1.1814,1.1923,-0.05884,1.3634,-0.11243,-1.4432,-0.14047,1.035
-0.16369,-1.2993,-1.0058,-0.93166,-0.4762,-1.1542,-0.80042,-1.7
1.2801,1.3682,-0.44443,1.2782,1.4591,-0.46642,1.5582,0.88801
0.71258,-1.1514,0.081135,-0.48457,-1.2643,-1.1038,-0.47836,0.16287
0.88814,0.59849,0.27777,-1.4804,0.17575,0.87206,-1.1864,-0.42478
-1.1151,-1.106,-0.41302,-1.0051,1.2676,-0.29994,-0.78231,-1.4922
-0.1713,0.3453,1.7105,-0.21258,1.6412,-0.15912,0.21222,-0.94455
-0.70603,-1.2963,-0.97337,0.47544,-1.5892,-1.0617,-0.68825,-0.45538
-0.38319,-0.0099979,-0.9096,1.3019,1.1095,1.0472,1.5167,0.6963
0.17569,0.31374,-1.3999,1.0283,0.049734,0.81363,-1.2751,-0.4174
-1.6856,1.5093,-1.1032,0.79568,1.6394,0.85919,0.22939,0.82896
-0.22564,1.3285,0.70054,-1.3197,0.6186,-1.2895,-0.75543,1.459
0.021358,-1.4541,0.89701,-1.4049,-0.071678,-0.69189,1.0815,-1.4225
0.77718,-0.54551,-0.92437,-1.6473,1.2217,1.16,0.489,0.75202
-0.43658,0.79762,1.146,-0.94648,-0.7958,0.14162,1.4374,0.92965
1.5944,-1.0649,0.34354,-1.6223,0.18669,-0.73996,-0.91351,0.26044
-0.53313,0.48965,1.263,-1.5479,1.4302,-0.76154,-1.4453,-0.76895
1.6424,-1.445,0.99333,-0.87363,-0.50518,0.20598,-0.51994,-0.10959
-1.182,0.56904,0.36572,-0.16051,-0.1543,0.38628,1.6276,-0.67654
-1.444,0.020507,-1.4853,1.2558,-0.46118,-0.6314,0.47544,1.2773
0.59403,-0.147,0.88629,0.65222,-0.69277,-1.5432,-0.98927,-0.19118
-0.25047,-1.1207,1.5256,-0.55746,0.87288,-0.013929,-0.39726,-1.3727
1.0638,1.5671,-1.4394,-0.68959,-0.25698,0.57016,1.6927,1.151
1.6059,-0.74322,-0.16048,1.6228,-1.3399,-1.537,-1.3885,-1.1095
1.6153,-1.6397,-0.059274,-1.6272,-0.69217,0.31914,1.124,-1.3609
-1.4706,-0.57358,0.88012,0.16167,-0.93582,-1.3067,-1.6782,-0.89495
1.7141,1.4141,1.2761,-0.77599,-0.60842,1.5357,-1.26,-1.1061
1.0388,-1.3899,1.5298,-0.49942,-0.61287,1.1278,-1.2684,-0.3998
-1.7097,0.18085,1.0451,-0.43922,0.97824,1.0988,-0.080756,-0.071053
1.5091,1.0515,-0.1954,-1.09,-0.11214,0.063694,1.0157,-1.3261
-0.94287,0.55006,-0.33564,0.10511,-1.4969,-1.2467,1.2511,0.45472
1.553,0.39164,0.30421,0.1317,1.3484,-1.1158,0.82167,1.1624
-1.3383,-1.5954,-0.093764,0.50511,-1.6059,0.42103,1.2597,-0.40885
-0.42989,-0.91172,-0.65129,-0.66094,-0.97515,1.5115,1.4614,0.68152
0.033537,-1.42,0.60736,-0.90798,-0.45877,-1.6788,1.3947,-0.47447
1.2517,0.96587,0.42014,-1.3343,-0.097444,1.2155,-0.79743,-0.12374
-1.0546,1.2833,-0.16709,-1.5896,1.1227,0.45385,0.69468,-0.63707
1.4549,1.3021,-1.3397,-0.49774,0.93488,-0.041935,-0.75496,-0.32015
-0.51619,-0.17591,-0.9428,-1.15,-0.1788,-0.97054,-0.22322,-0.078091
-0.66745,-1.5355,0.8103,-0.12126,-0.46944,-0.66201,0.67066,-1.7195
-1.7252,-0.49313,0.091382,1.4721,0.75616,-1.4218,0.80885,-0.67869
0.75689,-0.26599,-1.6659,1.1341,0.49807,1.1224,-0.51966,-1.261
0.22215,1.7293,0.98999,1.2524,-1.2287,-0.19475,-0.63357,-0.72245
0.18503,-1.5949,-1.005,-0.44248,-0.92114,1.0876,-1.2137,-0.083466
-0.84213,1.4077,-0.21738,0.99457,1.4852,-1.6736,-1.325,-1.3501
-1.5241,-0.834,1.519,-1.0937,0.26634,0.12753,-0.87053,0.51002
0.14657,-1.2075,0.27965,-0.85516,0.71311,0.77349,-0.62558,1.3204
-1.578,-1.0079,-1.5483,0.080277,-0.29916,0.59613,1.0635,1.3743
-0.66191,0.7023,-0.45263,1.0321,0.50975,-0.96922,1.3686,-0.37145
-0.27806,0.24966,-0.33295,1.3615,1.5259,1.0568,-1.0896,0.71636
-0.45034,-1.6411,-0.64573,-1.718,-1.4371,1.0331,-1.5003,0.12304
-0.40279,-0.71875,-0.82402,0.87713,1.4778,0.23038,-1.577,-1.6484
1.5305,-0.60418,0.53291,-1.5381,-0.66322,0.74801,0.7049,0.72894
0.81939,1.5675,-0.099505,-0.5139,1.6095,-1.1518,-1.4235,0.27435
0.72331,-1.1675,-1.7438,1.7,1.6822,0.70297,-1.5756,-0.7767
1.4398,0.037594,1.5597,-1.6033,-1.4759,-1.2665,-1.2863,-1.7237
0.11586,0.0085295,-1.0848,-0.62271,-0.27943,0.15307,0.63411,0.49032
1.4933,1.0516,0.12231,-0.98838,0.38031,-0.76667,1.509,-0.83027
0.23545,-0.075647,1.0756,0.45987,1.0993,1.4734,0.32657,-0.4993
-0.73312,1.6565,1.31,-0.16865,-1.0547,-0.81507,1.081,0.74427
-1.6897,-1.0095,-0.5078,-1.6914,-0.98635,-1.6932,0.0083949,-0.11365
1.5668,-0.059199,0.58349,1.0716,-0.99166,1.0267,-0.2146,0.11674
0.18298,-0.68865,-1.7188,-1.3805,-0.31536,0.48436,0.092694,1.6612
-0.028645,-0.12224,1.25,0.91956,-0.8603,-0.85416,0.19336,-0.7409
0.14963,-1.0144,-1.0113,0.028468,-1.2244,-0.39976,-1.125,1.2393
-0.38452,0.57167,1.3544,-0.87795,0.51012,1.6342,0.63612,1.4133
0.58755,-1.0836,1.2595,1.1027,-1.1951,-0.26488,-1.2865,-0.6902
0.65525,0.089648,-0.16103,-0.79225,0.97657,-0.688,-1.4219,0.71249
1.2058,-1.3676,1.5615,1.2315,0.11327,0.28804,-1.1346,-1.7173
1.2714,0.88152,-0.059746,-0.058263,-0.57834,-1.0022,-1.5067,-0.21047
0.16279,1.7116,-0.9089,0.53516,-1.4484,1.4326,0.041977,-1.528
1.3445,0.25016,0.21936,-0.9124,1.0147,0.18198,-0.54544,-1.5744
1.1821,-1.2444,0.13613,-1.4529,-1.2819,-0.83534,0.68954,-1.5509
-1.2346,0.8063,-0.52631,0.054266,0.92649,0.54494,1.0924,0.46558
1.6399,-0.013555,-1.1116,-0.71177,0.59894,-1.6675,1.7105,1.514
1.4162,-1.4488,-0.018445,0.076488,0.83415,-1.4119,0.21984,-0.015427
0.29664,-0.58189,-1.1921,-0.55579,0.26062,-0.56804,-0.8104,0.20862
1.2641,0.91485,0.31825,0.37554,-1.6967,-1.4845,1.4826,-0.87268
0.693,1.1796,1.3929,-0.37918,-1.1799,0.829,-1.1484,-1.4943
-1.1594,0.91815,0.32195,-0.38805,-0.75665,0.20939,0.10275,-1.226
0.73345,-1.7328,0.82411,-0.28744,0.12801,1.3103,-1.6878,1.0673
0.12564,-0.23269,-1.5268,-0.37256,0.42129,-0.86382,0.61381,1.0018
-0.39128,-1.3437,-1.3197,-0.62279,0.72198,-1.584,-1.2195,1.6286
-0.0072083,1.136,-0.65585,1.2467,1.4669,1.5004,-0.24834,1.1509
-0.33479,0.43627,-1.2808,-1.6855,-1.3284,-1.6699,1.1633,1.2996
-0.77353,0.78841,1.0007,-1.5955,0.68332,-1.4421,0.69903,-1.3349
0.22066,1.5222,0.71515,0.92147,0.40904,-0.55583,-0.69341,0.45449
-0.32749,-1.4148,-0.96573,1.5075,-0.2256,0.87065,1.44,1.3662
1.4944,0.91054,-0.78562,0.56816,0.40177,1.6895,0.70476,-0.38355
-1.3405,1.4742,-1.2694,-1.6619,0.68531,0.87909,0.36285,0.53603
-1.6929,1.442,-0.50842,1.5223,0.9509,0.29862,1.6773,-0.040494
-0.15672,0.29056,-0.39344,1.3775,-1.0426,0.28852,-1.4234,-1.3337
1.1749,-1.2034,-0.13228,-0.074032,-0.053623,-0.95324,1.0574,1.2206
-0.039641,1.5064,0.76298,-0.79989,0.79511,-0.43589,-1.2165,-0.62562
1.3897,-0.25358,1.7033,-1.5667,1.516,-0.49757,1.6341,-1.6862
-0.36976,0.39418,1.125,-1.1382,0.66676,0.73817,0.18699,0.8825
-1.4557,-1.3445,0.42318,-0.015688,0.72672,-0.34026,1.0961,-1.3566
1.6911,1.7112,1.5804,-1.2777,0.51065,1.6944,0.45241,1.3943
1.6161,0.83381,1.0055,-0.61522,1.6713,-0.1886,-0.30375,-1.4447
0.70174,-1.5118,-1.4513,0.66413,-0.8179,0.46868,1.5266,1.2091
0.27,1.1012,0.94958,-1.57,0.16084,-0.16153,-1.1216,-1.1475
0.20268,-1.3095,0.74384,0.3583,-0.58417,-0.78594,0.071029,-0.53915
0.66711,-0.83235,1.5932,1.2374,0.0024103,0.80485,-1.2596,0.24529
1.3995,1.6749,0.57441,0.22552,1.6161,-1.6243,0.2365,-0.24039
0.19142,1.5547,-1.7378,0.39151,-1.2647,-1.578,1.1013,-1.1304
-0.55084,-0.46631,0.91237,-1.6558,-1.677,-1.1829,-0.31684,1.1826
0.35899,0.16612,-0.79567,-0.83138,-1.2294,0.43674,0.064107,-0.28011
-0.55284,-1.3191,-1.3376,0.14185,-0.69572,-1.353,0.56324,1.2071
-0.35545,0.42973,-0.057856,-0.14151,-0.689,-0.2936,-1.6531,-0.14203
0.53268,-0.67431,-0.01226,-0.65901,0.10052,0.553,0.95097,0.84507
1.2044,-0.91491,0.99454,0.90297,0.40055,0.23032,-0.54194,1.6954
1.3598,-0.57229,-1.6047,1.708,1.717,1.3256,1.3347,0.01044
0.5049,0.36727,1.1938,0.86935,-0.084539,0.0079738,0.66979,-1.4381
0.7247,-1.2358,-0.65017,1.1312,-0.22936,-0.074139,-1.6677,-0.2323
-1.6047,-1.1409,-0.40624,-1.6198,0.28229,-0.58964,-1.3636,-0.61502
1.2732,0.9153,1.4407,-0.67436,-0.17031,0.41126,-0.88823,-1.5534
1.1069,0.061308,1.3738,-1.6555,1.086,0.081894,-1.2803,-0.94246
0.72666,-0.042648,0.55064,-0.4105,0.039546,0.80172,-0.20015,0.054254
-0.60651,1.5963,0.020731,-1.1088,0.072082,0.19077,-0.85201,-0.98437
-0.05528,0.92388,0.4885,0.17728,-0.21184,-0.064368,-0.029271,0.14934
-1.1985,1.6137,-1.5381,-1.0425,0.8855,-1.5907,0.41179,-0.59797
-1.2223,-0.27467,1.4026,-0.12596,-1.5882,-0.55247,-0.4783,1.2146
-0.21318,-0.021616,0.43702,-0.60166,-0.018581,-1.5719,0.15237,0.61779
1.6579,-1.4706,-0.42862,1.398,0.823,0.41659,0.20877,0.34063
-0.36097,0.12997,1.4377,-1.3253,-1.6788,-0.24108,0.19695,0.088585
-1.3161,1.0943,-1.255,0.50101,1.0285,1.1176,-1.0348,-1.5352
0.017891,-0.67643,-1.0068,-1.6474,-0.19368,0.61028,-0.13894,-1.691
0.97928,1.2043,-0.69082,1.4042,-0.34116,1.7223,-0.32591,-0.72336
-1.5221,0.93561,1.4849,1.2578,-1.711,0.77516,1.3277,1.4535
1.4326,0.95226,-1.6711,1.175,-1.4849,-1.1914,1.3159,0.084601
0.021535,-0.21311,0.48644,-0.42072,-0.20946,0.30043,0.86383,-1.1696
0.3497,-0.48198,-1.6705,0.67077,0.02447,-0.099532,-0.20482,0.54855
-1.1589,1.3623,1.2558,-1.4503,1.0338,-1.0442,-1.4491,1.7232
0.6496,0.83524,-1.3797,0.737,0.45912,1.656,1.3512,1.2794
-1.1126,-1.4903,0.55386,0.27506,-1.1435,-0.28492,0.20702,-1.7212
-1.0068,-0.049774,-1.2888,1.6066,-0.37175,-0.31073,-1.2859,-0.61309
0.78861,0.056791,1.2573,-1.3781,-0.20429,-0.60138,0.48984,0.84418
-1.6319,1.4988,-0.018007,1.2444,1.0251,-0.62586,-1.469,-0.70589
0.027302,-0.00039738,0.52808,-0.2498,-1.7364,1.2928,-1.3562,-0.84418
-0.63776,0.82789,0.29696,-0.046587,-1.5285,-0.78567,0.8478,1.2236
0.13654,0.70485,1.5017,0.95818,1.6326,-1.3517,-1.3767,0.75297
-0.97265,-0.10284,0.84728,0.39232,-1.1853,1.5355,-0.073757,0.42579
-1.0545,1.1089,-0.70462,0.78016,1.4219,-1.2894,-1.6295,1.5947
-1.5081,1.2573,-1.7547,-0.09616,-0.14691,-1.6296,-1.647,-0.12974
-1.7003,-0.77864,-1.0649,1.6726,1.6651,1.7193,1.1345,0.90781
1.6596,-0.53177,1.439,0.47041,1.1133,1.5645,0.13902,-1.1578
-0.11159,0.63916,1.0737,1.5444,0.29604,-0.62298,-0.79195,-1.0983
1.0507,-0.84652,-1.6364,1.691,-0.87868,-1.5042,0.19954,-1.3917
1.4869,1.3867,-0.057819,-1.3388,0.61767,-1.0552,1.7049,-0.88344
0.30068,0.57723,1.2786,0.091403,1.6662,0.34274,-1.5083,0.025088
0.64618,-0.66377,0.59186,-1.5199,0.3872,-0.067084,-1.3956,1.1281
0.44019,0.20413,0.15359,0.69288,-0.94725,1.272,-0.84827,-0.44636
0.54981,-0.75353,-0.87673,0.85383,0.30658,-0.59741,0.51427,1.6322
1.0568,-1.1762,0.60512,1.1444,1.3993,-0.35046,1.4403,-0.51801
0.32546,-0.029492,-1.1187,-0.67587,0.31573,0.066154,-0.34569,0.047204
0.49955,-0.94609,0.61835,-1.1759,0.57594,0.067207,-1.5862,-0.43301
-1.2283,-1.4279,0.27852,0.63652,0.48945,-1.4742,1.2798,0.98125
-0.517,-1.5303,0.39351,-0.97659,-0.66208,-1.5358,1.6676,0.4175
-0.6014,1.3558,1.109,0.52163,0.27404,0.050913,-1.4155,-0.70689
0.82599,0.87937,-1.3851,-1.432,-1.4438,1.0616,-0.85725,1.5853
-1.5837,1.4029,1.4995,0.48689,0.73465,-0.20003,-0.53203,1.5543
0.68326,1.0009,1.0758,-0.53513,-1.3261,1.6705,-0.20237,0.42539
1.166,1.2817,-0.88895,-1.1484,-0.051897,0.39509,0.4839,0.59086
-0.33736,0.4212,0.51594,0.090426,-1.4701,-0.3844,0.30051,0.46455
-0.77812,1.3139,0.71743,-0.094033,-1.0473,-1.495,-0.64936,-0.11294
0.92295,0.59053,0.74281,1.3736,-0.19963,1.294,1.2572,-1.139
0.95577,-0.87286,-0.37362,-1.5208,1.5572,-0.65799,-0.34632,-0.58418
-0.65616,-1.3005,1.7039,-0.40701,1.0621,1.2935,1.5147,-0.79896
-0.7033,-1.0043,1.3035,0.29994,0.20742,-0.64518,-1.2363,-0.90918
-0.0070236,0.26953,-0.15797,1.7225,1.2533,-0.12672,0.0078223,-0.42705
1.618,-0.34064,-0.27726,-1.7092,-1.146,-0.27984,-0.17378,-1.4862
0.91145,-0.93113,-1.6284,-1.3644,0.18907,1.673,-1.4277,-1.5052
-0.45947,-0.43392,-0.8031,0.73989,-0.071783,-1.1567,-0.43564,0.46197
0.91681,0.026475,-0.19358,-0.94744,0.90862,-1.3967,-0.80217,-0.23573
-1.6761,0.044782,-0.64771,1.2072,1.1819,1.469,-0.018276,1.5977
-0.41722,-1.6025,-0.10713,1.0239,0.66932,1.1122,1.0968,-0.27993
1.369,0.79125,-0.0055866,-1.5634,0.22064,-0.77126,0.65682,-1.3647
-0.63964,0.72763,0.017864,-0.48876,-1.1188,-1.2406,1.6113,-1.317
-1.4107,0.58753,-1.6205,1.0963,0.044819,1.4441,0.93652,-1.2316
1.5389,1.0437,0.94196,-0.97305,0.95867,0.85143,0.88569,1.5308
-1.4467,-0.55241,-1.2982,-1.6132,0.89334,0.88822,-1.3371,1.536
0.90445,-0.0062598,0.80666,0.19205,1.5824,1.1394,-0.93915,0.5199
1.2483,0.4125,0.57292,-1.447,-1.3948,-0.61911,0.82518,-0.80249
-0.45195,-0.95307,-0.77381,0.44916,0.36768,1.1059,-0.029121,1.7009
-0.9747,-0.06663,-0.68759,1.4678,-0.60743,0.42301,-1.1298,0.36874
0.81197,0.046251,-0.10621,-0.085505,1.0051,0.11052,1.4374,-0.82012
-0.10544,-0.49192,0.26663,-1.1417,0.17639,0.63752,-0.14659,0.85577
-1.3827,-0.53775,-0.66452,1.4472,-0.10275,-0.53857,-1.7014,-0.36452
1.5059,-0.5469,-1.2142,1.1347,-1.0765,-0.51779,-1.4622,-1.5638
-0.25962,-0.93081,0.55312,-0.43363,0.50382,-0.59317,-0.092911,-1.5832
0.79372,0.58739,1.3003,-0.76769,-1.6277,0.25358,-0.81532,-0.3185
0.40854,-0.26958,0.10684,-0.57776,-0.79236,-0.96243,-1.0698,0.36551
-1.0368,0.53131,-0.75869,1.4579,-0.11533,-0.090593,0.85584,1.2119
0.17763,-0.41444,0.81948,-1.4546,-1.5276,0.48013,1.459,-1.6471
1.4449,-0.59346,0.51316,-0.84211,-0.91913,0.90168,-1.6977,1.3712
-1.1384,1.2926,1.0734,1.218,0.32607,0.34115,0.24691,-1.5765
1.3808,-0.76633,1.5611,-0.60126,0.67668,1.0783,0.011339,1.1696
-1.4896,0.15442,-0.10644,0.028152,-0.52499,1.2981,-1.3687,-1.5
0.95194,0.2631,-0.053678,0.61119,0.41618,0.84467,-1.4686,1.5472
-1.069,1.0009,0.8249,-1.5164,-1.2148,-1.1478,-0.76194,-0.64252
-0.32891,-0.64973,0.59663,1.5425,-1.3769,-0.50539,-0.13812,0.89162
-0.74622,-0.79842,0.17745,-0.80447,-0.32424,-0.14196,-0.93418,-1.097
-0.22683,-1.6726,0.85635,0.64687,-0.28265,0.71454,-0.78486,0.95202
0.10349,-0.18767,-1.1661,-1.2998,0.9697,0.88941,-1.3993,-0.098079
0.025711,0.76386,-1.163,0.16315,-0.65376,-1.6844,-0.072966,0.43782
-0.78062,-1.631,-0.17578,-1.507,-1.4668,-0.37671,1.4006,-0.080765
0.89472,-0.81798,-1.4532,-0.70596,1.6331,-0.98552,-1.7314,0.8057
-0.34967,-0.72025,0.76316,1.3179,1.5207,1.658,-0.35809,-0.2376
-1.1438,1.2895,0.80967,-1.4637,1.3949,0.38091,1.5053,1.6082
0.59002,-1.3917,-1.1701,1.633,-0.95555,0.44215,0.99344,0.35927
0.67337,-0.55514,-0.50064,0.30375,1.5811,0.12933,-0.63233,-0.23552
-0.99786,-0.19975,1.2593,-0.2103,-0.04733,-0.074979,1.6072,-0.43226
-1.6824,0.3703,-1.0559,0.20981,-1.6391,1.2104,-1.1465,-1.0589
0.39379,1.1153,-1.2657,0.56982,-1.5363,-0.17649,-0.8945,1.3472
1.1215,1.3354,1.3168,-0.45227,-1.6504,-0.574,-1.6354,0.5501
1.0481,0.7507,-0.88018,-0.56891,0.58911,0.31222,-1.2357,-1.3141
-1.4577,-0.5785,1.3081,0.033537,1.1377,-1.6364,-0.28135,-1.0522
-1.4162,0.86852,1.0754,-1.1829,-0.55247,-1.1752,-0.78048,0.49875
1.1601,-0.031139,-0.30069,-0.72708,-1.323,0.90188,0.49341,0.49319
0.96159,-1.6931,0.67582,-1.0817,1.2003,-1.266,-0.13866,0.52156
-0.054582,-1.7062,-1.1912,1.4183,-1.4265,-0.22033,0.43449,-0.68436
-0.69951,-1.048,-1.1766,1.5781,1.1007,-1.1618,-1.5223,0.55503
0.8355,0.48348,1.0416,1.5204,1.6603,0.054038,1.4115,1.6456
-0.61802,-1.5568,0.10694,0.35155,-1.4165,0.90008,-1.4527,-0.057249
1.7132,0.69514,0.62317,-1.5751,0.24321,0.023393,-1.3484,0.17779
-1.3692,-0.58748,-0.96329,0.48662,0.12259,-0.68133,-1.7055,-0.85366
0.66547,-1.3283,0.5978,0.86006,-1.6273,1.123,1.5826,0.0090063
-0.4548,-0.65588,-0.11655,-0.45298,1.2635,1.5726,-0.38135,-0.65007
0.015622,-0.28298,-1.0362,0.2032,-0.80048,0.91941,-1.3631,-0.74453
-1.2284,1.5679,0.84187,-1.6574,-0.27784,-1.11,-0.41386,-0.87712
0.35269,0.059081,-0.59965,-0.77265,1.1824,-1.5809,-0.84794,0.59338
-0.64269,1.6591,-1.0721,1.4712,-0.23942,0.78757,-1.2221,-1.4305
-0.55706,-1.5807,-0.61812,0.2782,-0.40245,1.1368,-0.92541,0.94597
0.77329,1.6045,-0.76502,0.4132,-0.85572,-0.37746,-1.6794,0.99353
-0.24578,-1.6143,0.68287,1.3148,1.5658,1.0634,1.6277,-0.85805
0.78215,1.538,-0.94104,0.20807,0.18171,0.99397,0.63926,-1.0325
1.7128,1.4823,1.2746,0.79437,1.5921,1.2229,0.27048,-0.23195
-0.70613,0.21645,-0.55633,-0.63252,1.4064,-1.5417,-1.2276,-0.25058
1.405,-1.3794,-0.3525,-1.2265,-0.54668,0.13588,-1.6923,0.41452
1.5522,1.5859,1.1203,-1.7128,1.6699,-1.4156,0.69957,-1.3529
1.0573,0.48678,0.64903,-0.65596,0.12834,-1.364,-1.6564,1.6581
0.62107,-0.52916,-1.219,1.4529,1.5131,-0.27257,-0.76298,-1.0043
-0.056053,-1.2533,1.5502,-0.39539,-1.322,0.32604,0.53099,-1.0573
-1.6041,-1.1169,-0.22378,0.86892,-0.95808,-1.3489,1.5536,0.99084
1.4992,0.79933,1.3398,0.31878,-1.5451,0.15999,-1.1215,0.82545
1.3187,1.2495,-0.30987,0.30042,-0.80531,1.2509,-0.68657,1.707
-1.3728,-1.6193,-0.78344,0.84423,1.6772,-1.5385,-1.2587,-0.33957
1.7192,-0.67097,-1.5038,-0.28163,0.91426,-1.367,-0.42879,-1.7076
-0.14184,1.7025,1.4923,1.3337,-0.96755,1.5733,1.5355,-0.55238
1.0848,-1.2381,1.682,-1.5652,1.431,-1.5459,-0.97986,1.4987
1.2443,1.0987,1.5646,0.63553,0.26947,0.66786,0.31422,1.3448
0.26547,-0.28657,0.28952,-1.5155,-0.75064,0.92311,-0.99775,-1.6422
0.85725,1.5323,0.53468,-1.4964,0.5729,-0.42409,-0.68444,-1.7267
-0.14218,0.54495,0.66133,1.4433,-0.512,-0.14762,-1.2021,1.4035
1.2294,0.74953,0.20554,-0.48101,-0.55268,0.73542,0.84049,0.62829
-0.13884,-0.5989,0.68425,1.2765,-0.032009,1.6365,0.46133,0.10679
-0.053614,-0.20728,0.66494,-1.2057,-0.69203,-1.4195,0.21279,1.0989
0.037559,0.36984,0.14388,-0.29358,-0.8733,-0.46603,0.72462,-0.071304
-0.99984,0.30859,-1.1696,0.11612,-0.32433,0.096123,-0.53746,-1.3677
-0.0044348,0.056852,1.4079,0.33605,1.0385,0.10901,0.5881,1.5877
-0.29622,-0.92366,-0.55637,1.3314,0.19192,-1.549,-0.36768,-1.283
0.15621,-1.313,-0.66137,-1.1675,1.1422,1.2263,1.7043,0.70777
-0.028905,-0.30623,0.0015581,0.57355,1.3476,1.6877,0.87531,-0.62987
0.68265,1.1604,-1.2909,-0.29113,-0.24248,-1.1091,-1.4363,0.1466
-0.54151,0.19815,-0.44152,-0.67285,-1.4447,-1.441,0.40338,0.10891
0.4671,0.31181,-0.13493,-0.63357,-1.4851,-1.5111,-0.54685,-0.20494
-1.0539,-1.5216,-0.15268,-0.53967,-0.50673,1.588,0.53308,-1.5908
-0.58622,-1.4481,-0.70536,-0.098071,0.73073,1.3484,1.5584,1.6281
-1.6867,1.7228,-0.15156,-0.98037,1.4619,-1.4811,1.6402,-0.29326
1.1889,-0.88913,-1.6409,-1.3344,-0.42617,1.3981,-1.4008,1.3968
-0.3695,-0.82611,-0.3499,0.45295,0.06867,-1.3531,0.076993,-1.6225
-0.67793,0.7519,0.92747,-1.4003,0.74934,0.47922,-1.0595,-1.2433
0.74005,-0.89013,0.044354,0.3886,-0.42045,-1.1128,1.6233,0.40347
1.128,1.3143,0.8019,-0.52569,1.7165,1.6122,0.80565,0.14144
1.163,1.3292,0.24831,1.149,1.438,-0.12888,-0.12952,0.11942
-0.58949,-0.17248,0.16819,0.55171,1.4122,0.93008,0.44838,-1.2577
-1.4056,1.7503,0.95034,-1.1535,1.1451,-1.6536,1.6799,-1.5267
0.79167,-0.75256,-1.7358,0.96174,-0.10916,1.1298,0.70795,-0.93822
1.5565,-1.4478,-1.0881,-0.35999,-1.081,-1.5514,-1.1769,-0.70489
0.8477,-0.4123,-0.73486,1.2825,-0.010462,0.81362,0.0015183,0.84279
-1.4886,-0.78052,-1.1744,-0.67986,1.6178,-0.88137,0.3387,-1.7281
1.3319,-0.49118,0.30204,0.27774,-1.4049,1.1739,-0.26779,0.35498
-1.5536,-1.5983,0.66904,-0.75705,-1.6381,-1.5375,1.0032,-0.88877
1.5373,1.1222,-1.2027,1.2872,-1.3505,-0.817,0.27727,-1.307
0.47226,-0.93445,-1.3736,-0.43895,-1.4346,1.3859,-1.2971,0.34347
-0.93077,-1.5208,1.4931,-0.61659,-0.51948,-1.5844,-0.20081,0.30068
-0.017605,0.4572,0.61171,-0.63926,0.59445,1.4253,-0.78259,1.1819
-1.7263,0.23096,-0.64014,1.6008,-0.51616,-1.2331,-0.77963,0.94726
-0.53363,0.028651,0.91138,-0.51846,1.588,1.6541,-1.7333,1.5795
-0.49912,0.85335,0.60764,1.242,0.96192,-0.65549,1.4303,-0.033321
0.7081,1.5153,-1.7526,-0.86724,0.90329,-0.57279,-0.76581,1.1249
0.4931,-1.1076,-1.6681,0.25081,1.4674,-1.4953,-0.056352,-1.6852
0.91544,-0.22838,-1.5692,1.4412,-0.059556,-0.50494,1.6093,0.37858
-0.92179,1.5474,0.31241,-0.75749,-0.53888,0.08279,0.014814,0.094307
-1.0358,1.2955,-1.3468,0.27913,1.0804,0.32672,0.5415,-0.24234
-1.0678,-0.16278,0.9186,0.5774,0.80105,1.2794,-0.67575,1.4313
0.69426,1.5911,-0.66849,0.70455,0.78513,-0.93854,-0.79068,-1.3834
-1.1226,-1.5569,0.030303,-0.82622,-1.7028,1.3007,-0.38093,0.76028
-0.24767,-0.83874,-0.077226,0.55448,-0.81383,-1.0641,0.8678,1.5712
-0.92054,-0.2825,0.53301,0.082294,-1.1306,0.71191,-1.0115,-1.3317
-0.72939,-0.48569,1.636,-1.3155,-0.97668,1.1005,0.79827,0.47348
-1.049,1.0324,-1.7267,1.354,-0.51605,-0.51033,1.6937,-0.74481
-0.81815,1.5938,-0.82247,-1.2733,0.54965,-0.069242,-1.5926,-1.7099
0.037432,-1.455,1.2964,0.94014,0.16693,1.1622,-0.88066,-0.64454
-0.6509,0.82225,-1.5602,-0.73967,1.6052,1.6102,-1.2625,1.3309
0.23,-0.39484,-1.7158,-1.5686,0.31349,0.69314,-1.2838,0.2072
-0.60745,-0.018959,0.20435,0.91653,-0.7923,1.541,1.0162,-1.6451
1.0288,-1.3998,-0.044992,0.74786,1.0747,1.6801,-1.385,-0.88277
-1.6559,-1.5724,0.19889,0.73208,-1.1471,-1.0494,0.22054,-1.6782
-0.1585,0.90824,-0.61138,0.49304,1.6447,-0.33252,-1.0989,-0.70335
0.9336,1.5584,-0.37396,-0.15367,0.97763,-1.3718,-1.2408,0.39474
-0.33727,-1.5542,1.5719,-1.3858,-0.065828,0.34436,0.70147,1.2187
-1.4191,-1.5818,0.58804,1.2934,-1.4426,1.534,-0.49206,-1.6759
0.68425,0.20464,-0.9905,1.0807,0.025636,1.4843,1.2258,0.25656
0.16949,1.6717,0.11739,-0.27733,-0.21777,1.433,-1.3278,-0.85026
1.681,-0.57587,1.1422,-0.59396,-1.5346,0.67911,-0.56427,1.1953
0.60097,0.79079,1.1444,0.41018,-1.0262,-0.039452,-1.4329,1.373
0.36849,-1.7018,-0.19112,-0.84791,-0.13284,-1.4853,0.2913,1.7305
-0.84967,1.0739,0.1759,-1.1296,-0.71794,0.30095,-0.36938,-0.55389
-0.56081,-0.66505,0.5922,1.2182,0.23425,-1.3833,0.070285,-1.4438
-1.2424,0.63583,1.1673,0.1989,0.62415,1.3787,-0.28101,1.5099
-0.36814,-0.52763,0.60413,-0.15023,1.1103,-1.54,0.43441,-1.4168
0.68042,-1.0116,0.52341,1.5388,0.096607,0.88451,1.5022,-0.52576
0.46616,-0.091674,-0.60069,1.3022,0.09717,-0.85042,-0.86934,-0.52052
-1.1289,0.62413,0.90163,-0.86498,-1.3286,0.7806,-0.13543,1.2369
0.75524,0.14802,-1.3964,0.57551,-0.2666,1.5927,0.8055,0.27052
-0.58604,-0.68577,0.18257,0.34925,0.45247,1.6241,-1.3538,1.3437
0.2316,1.5021,0.2858,0.65768,1.3245,1.1469,-0.13403,-0.07619
0.61191,-0.63372,0.56657,-1.6186,1.3929,-0.84035,-1.2439,0.81552
1.3339,0.53071,-1.3278,0.46973,0.8458,-1.2044,-0.090042,0.74955
0.99454,-1.5847,0.26709,-0.89056,0.7222,-0.40003,1.0785,1.0856
1.6468,-0.99024,0.1038,-1.0584,0.022325,-1.0477,0.22228,0.76219
1.1132,1.3339,1.2227,0.096941,-0.78828,-0.98754,1.4369,1.3962
0.50455,-0.19619,-0.5568,1.0017,-0.010862,-1.4883,1.2652,1.0591
1.0009,1.2728,0.19398,1.0167,-1.2135,-0.38973,0.86558,-0.35089
1.5223,0.32775,-1.507,-0.82152,0.70393,-0.16616,-0.63223,1.5053
1.7059,1.4586,-0.81573,-0.12457,-0.72341,1.3399,0.69327,-0.28989
0.85258,-0.35822,-1.2729,-0.91076,-0.93918,0.67594,0.39361,-0.90584
0.46744,-0.76351,-0.25852,-0.45149,1.6619,1.1456,-1.0525,1.4507
-0.78889,1.1338,1.6893,-0.071936,0.73501,-0.86061,0.566,-0.50166
0.85985,0.7619,-0.82011,1.5,-0.91072,0.63622,-1.7203,1.0592
-0.17902,1.7196,-0.62094,0.22625,0.13631,-0.054787,-0.61792,-0.80013
-1.3074,-0.44675,0.15645,1.4996,1.2003,-1.6803,1.6516,1.1318
-1.5608,0.72331,0.80176,0.099994,-1.3151,-0.70607,0.66431,0.72663
-1.0937,0.90464,1.7044,0.023857,-1.3375,-1.4728,-0.13793,-1.3686
-1.0601,-1.1015,1.4449,-0.55211,-0.95529,0.33322,-1.0423,0.51887
-1.0952,-0.52091,-0.43456,-1.5377,-0.17908,1.4843,-1.6601,1.3631
0.16325,0.91004,1.324,-1.5759,0.88032,0.1337,-0.76389,-0.60765
-1.3674,-0.59697,0.95107,1.616,0.57828,-0.64243,-0.49255,0.75794
-1.6667,-1.2677,0.3961,-1.4747,1.6351,0.58798,-1.3239,0.37142
1.7205,0.79957,1.6654,-0.7979,-0.081663,-1.2821,1.1213,-1.4413
-0.59419,-1.7292,-1.5428,1.5954,-0.042633,0.6508,0.62707,-1.0672
-1.4561,-1.1213,-1.6208,0.47178,-0.37134,-0.58511,0.2728,0.73778
-1.5372,0.59822,0.83026,-1.4471,-1.422,0.52318,0.49299,-0.1796
-0.82636,0.67789,0.53282,-1.5746,1.1597,-0.6596,-1.4969,1.2598
-1.2173,1.3955,1.4861,-1.3544,-0.48552,-0.38458,-0.68119,-1.613
1.0937,1.2621,0.33319,0.91966,-0.48403,-1.4133,-1.3794,0.74232
1.0663,1.2195,-1.5742,0.051456,-0.53591,0.17672,0.3192,-1.3996
0.89186,0.39492,-0.83313,-0.094032,0.57674,0.89149,-0.57985,-0.076559
-0.12227,-1.2326,-1.2969,-1.5187,-1.0845,-0.47498,-1.6951,1.4426
-0.85813,1.3784,0.43125,-0.011921,0.5964,1.316,0.7787,-0.91354
-0.38191,-0.06839,0.4044,1.4171,-1.0868,-0.42948,-0.79458,0.68429
-0.44307,-0.90644,0.78615,0.96086,-0.54284,-1.467,0.68114,1.6246
-1.2423,-0.5796,1.1995,0.85316,-0.66347,-0.56973,1.0955,-0.63762
1.0119,-0.06527,1.3631,-0.52571,1.004,-1.3956,-1.0768,-0.9833
-1.1541,1.2985,-0.65217,1.527,1.6631,-0.018913,-0.22854,1.6132
1.569,-0.53307,-0.61024,-0.53737,0.67613,1.209,1.1397,1.1463
0.78385,1.6938,-0.55839,-0.63779,0.77375,-1.0017,0.78751,1.0929
-1.375,1.6074,0.088968,-0.78925,-1.4469,-0.76167,-0.54889,0.68942
1.4001,-1.2074,-0.0017783,0.87818,-0.35352,0.53859,1.1994,-1.4976
-0.19774,-1.1534,-1.6201,0.046217,1.3139,-0.93651,0.13542,-1.0796
-0.35808,1.5976,-0.46805,-0.94557,1.5563,-1.4586,-0.52943,-0.55504
0.30812,0.54313,1.2669,-0.9031,-0.43513,0.28658,0.038019,1.0169
1.5759,0.40914,-1.2329,-0.75195,-0.1789,-1.0046,0.25779,0.71192
1.4352,0.87014,1.384,0.12583,-1.4029,1.0408,-0.60354,0.31042
0.67067,-0.91015,-1.501,-1.1465,-0.17637,-1.5228,-1.3816,1.4486
0.073597,0.49132,-1.1422,-1.5518,-0.65911,1.5431,-1.3515,-1.4691
-0.79356,0.182,-0.04224,0.81702,-0.049994,-0.49957,-0.060565,-0.9828
1.4425,-1.496,-0.1375,-1.6236,1.2102,-1.6245,-1.2849,-1.4727
-0.30292,0.1024,1.6069,0.20844,-0.89582,-1.0072,-0.70296,-0.48878
0.76353,-1.4969,1.1293,0.91792,0.049115,1.5284,0.85055,0.7694
-1.5812,1.322,0.12327,0.069841,1.1948,-0.16071,-0.30054,-1.5577
-1.1498,0.68671,-0.071169,-0.97599,-0.64452,-0.23326,0.91047,1.5704
0.32232,-0.64897,1.121,-1.2604,1.2343,0.37098,1.326,-1.6933
1.1722,0.58695,-0.41936,0.56213,0.95786,0.24865,0.11853,-0.60551
-0.024211,0.13671,-1.2415,1.4906,1.2506,-1.1244,0.42741,-1.3643
1.141,-1.6564,-1.6848,-1.1893,-1.1429,0.77478,-0.27516,-0.0019884
0.70032,0.82547,-1.194,-0.18999,-1.0141,-0.62336,0.29828,-1.4675
0.22725,-0.46287,0.48562,1.758,-0.36283,1.1334,-0.19497,-1.3726
0.34781,-1.5705,1.3599,0.90562,-1.2257,-0.80684,1.4955,0.056118
-0.61215,-1.6004,0.64258,0.46166,0.80372,-1.197,-0.44445,1.202
1.5774,0.15433,-0.98312,1.0807,-0.24354,0.12999,-1.0733,0.16013
0.45491,-0.9957,-0.34568,-1.5167,0.73204,-1.3991,1.1118,-1.0871
-0.44263,-1.5642,0.38325,-0.21256,0.91309,0.2627,-1.5586,0.7461
1.6273,-0.15202,-0.613,-1.4184,0.90266,-0.23146,1.3571,0.4576
-0.54374,-0.20187,-0.11625,-0.013888,0.98142,0.7313,-0.54413,-1.2092
-0.58307,-1.0281,-0.93526,-0.19887,-1.1073,0.17712,-0.89941,0.54519
0.50006,0.6025,1.3525,-1.3492,0.47956,-0.11331,-0.6995,0.61258
-0.29091,-0.24143,0.95589,-0.63935,0.83527,0.33534,-0.43032,1.2335
-1.3682,-1.1043,0.24885,-1.0191,0.71024,-1.2012,0.59875,-0.63408
0.59993,-1.1981,-0.47617,1.1154,0.086381,-1.4692,-0.08362,-0.6678
-0.2459,0.40651,0.43068,0.29813,1.4331,-1.2326,-1.5167,-0.67822
-0.051732,-0.30449,-0.9704,0.29321,-0.61049,-1.6349,-1.511,-0.33686
-0.11309,-1.5944,-1.4854,1.0213,0.93282,-1.5084,-1.6306,-0.74639
-0.17406,0.91523,0.90876,0.46112,0.86886,0.23888,-1.0724,1.0371
0.40466,-0.83923,0.52293,-1.2325,-1.6778,0.67675,-0.094147,-0.53406
-0.84121,1.0896,-0.42997,0.065745,-1.2156,-1.366,-1.3778,0.92654
-0.35309,-0.85272,-1.4849,0.73592,0.5188,-0.44818,0.9709,-1.4812
-1.5516,-1.5447,-1.6583,-0.4599,-0.43111,0.025462,1.3684,1.0627
0.46157,-0.55801,1.6291,-0.9336,1.1471,0.25061,0.86213,0.62866
-0.19351,0.0034146,-0.92913,1.438,-1.6836,1.5241,1.5463,1.6269
0.18392,0.71612,1.0418,-1.4242,-1.3308,0.98998,0.097924,-0.8628
-1.6605,-0.22146,0.83043,-1.1901,-0.30893,-0.85107,1.287,-1.3409
-1.5354,0.44277,1.0656,1.4665,1.3671,-0.29902,1.4694,-1.1278
-1.2363,-0.022693,-1.6336,-0.70688,-0.51829,0.90301,1.2006,1.4744
