0.039878,1.447,0.021017,0.15834,0.86148,0.9538,-1.4838,0.21813
0.27229,-0.5316,0.57022,-1.1805,-0.58489,0.17715,0.602,0.12998
0.92782,0.34173,0.13696,-1.5405,-0.0041988,-1.2973,0.21217,-1.4385
-0.26362,-1.0675,-0.73487,0.38489,1.146,-0.21478,-0.86189,-0.18971
-1.4094,-0.43993,0.49387,0.72463,-0.36838,-0.056241,0.065271,0.64708
-0.23178,-0.5807,-1.5367,-1.7273,0.68848,-0.21808,1.2875,-0.22297
0.6104,-0.089492,1.5917,0.12886,1.0015,1.5082,0.58866,-0.22347
0.19703,-0.33255,1.3596,-1.5589,-1.6152,1.5847,-1.5274,-1.3981
-0.27937,-0.91284,1.1622,-0.2756,1.5135,0.233,0.55985,0.13579
-1.162,0.4996,1.5264,-0.52814,0.85331,1.6151,-0.82142,-1.2934
0.73227,1.6165,0.3972,-1.4015,-1.2296,-0.86544,-0.098937,-1.7247
1.7094,-1.1683,-1.3296,-1.0799,0.73946,-0.38609,0.4236,0.9466
1.1272,-0.33852,-0.29303,-0.52779,-1.2332,0.18019,-0.25148,-0.86095
-0.59955,0.40444,0.48905,-0.53995,1.1914,1.2633,-1.3769,-1.1812
-0.12814,-1.0756,-0.10426,-0.87484,-1.6674,0.44801,-0.94847,-1.0268
-0.94149,-0.23508,1.1962,1.1256,-1.0681,-0.1383,-0.8171,0.32042
1.2883,-1.4959,0.97377,-1.6901,0.85574,1.4748,0.85723,-0.66603
0.18026,-0.29394,-0.077471,0.55294,1.6431,0.19007,-1.191,0.22261
0.45631,0.069717,0.43621,0.36356,0.791,-0.98348,1.0759,-0.015641
-1.5746,-0.17485,-0.82582,1.6039,0.64417,0.3374,1.6655,0.7002
0.10355,-0.78065,0.99429,1.3126,-1.1565,-0.26792,0.29563,-1.1401
-0.26462,-0.55057,-0.2928,-0.59891,0.46696,0.60718,-1.6875,1.1651
0.066822,0.80956,-0.13073,0.49171,-0.14581,-1.2982,-0.68013,-1.2577
-0.75118,-1.0814,0.090983,0.63112,-0.90573,-0.20243,0.80633,-0.6609
1.0773,1.2245,1.3324,-1.6526,1.3092,-1.3474,1.3554,1.7062
-0.76563,0.65738,0.8231,-0.27531,0.20942,-1.3297,-0.43129,-0.17917
-1.2661,-0.36782,-0.35851,-0.11785,-1.6251,1.2659,-1.7265,-0.59478
1.2976,-1.1642,-1.4127,-0.57018,1.2879,1.0728,1.2644,-1.2873
-1.5725,1.0726,1.0317,-0.33853,-1.2432,1.7298,-1.1936,0.91228
-0.20557,1.1262,-1.4078,-1.2802,0.39046,-0.50729,1.404,-1.4133
-1.1295,0.49062,-1.703,0.86169,1.2787,-0.93785,-1.2064,-1.1463
0.7039,-1.0344,1.038,1.3725,-0.032433,-0.36853,-0.49493,0.7863
1.2615,-1.2142,-0.41066,0.84365,0.067861,-0.37359,-0.13842,1.0357
-0.87956,0.69967,-0.098815,0.42577,1.4587,-0.42752,0.97068,0.61365
0.20672,0.29744,-0.85914,-0.20062,-0.41706,-1.4178,1.4871,-0.52987
-1.6024,-0.91543,-1.4406,-1.4312,1.3157,0.20862,0.30695,-1.1582
-1.0795,-0.088058,1.3822,-0.65246,1.3427,-0.824,0.45758,0.63744
0.74797,0.36366,-0.95567,1.1069,0.96638,-1.4958,0.45024,1.4361
-0.98066,1.0434,1.0128,0.63419,-0.98065,-1.4598,0.14646,-1.0719
-1.4955,-0.066187,-1.6783,0.36586,1.4203,-0.64911,0.68584,-1.4692
1.4913,0.37727,0.63394,-0.05071,1.1039,-1.4669,1.2775,-1.4062
-0.052929,0.49826,-0.57232,0.93334,-1.5597,0.34807,-1.0005,-0.7967
-0.88801,-1.2238,1.2315,-1.5598,-0.45182,-1.4853,1.6704,-1.1413
0.18092,-1.1019,1.2489,-0.80388,0.21136,0.048635,0.46018,-0.59547
0.0463,0.32893,-0.54249,-1.4154,0.72822,-1.1133,-0.92542,0.9022
-1.1859,-1.5496,1.2794,-0.61621,0.6992,-0.59167,1.466,0.52967
0.60346,-1.4138,0.33061,0.0098553,1.4422,1.129,-0.2365,1.2425
1.6283,-1.2996,0.78694,-1.4034,-0.35136,-0.26544,0.71644,0.56475
-0.23954,-0.96751,0.0026341,-0.81284,1.2173,1.6991,1.2777,0.30279
0.078683,-0.8076,-1.633,-0.25584,-0.53549,1.0474,0.66213,-0.41368
-1.3412,-0.50728,0.48147,0.98704,1.3498,0.77187,0.48892,-0.27555
0.91063,-0.72028,0.29765,-0.42721,-0.85081,0.76425,1.6456,-0.51905
-1.3874,0.16747,0.87021,-0.77306,-1.7129,0.12556,1.443,0.38633
1.0992,-1.2477,0.038638,1.4751,-0.58871,-0.11797,0.73563,0.79183
-1.2191,-1.1055,0.79316,1.633,0.96191,-0.63817,-0.62939,0.58678
-1.583,-1.4987,-0.055302,-1.1903,-1.2138,-1.7059,-0.072363,0.45444
1.6915,1.1073,0.5781,1.575,-0.90361,0.094054,-0.9618,1.5567
-1.511,0.37582,-0.68424,-1.401,1.1982,1.4961,1.5403,0.93289
-0.66806,1.2494,0.92482,0.92012,1.228,1.6646,-1.5058,0.1955
-0.71516,-0.42962,-0.25316,1.1552,1.6863,0.75665,1.0761,-1.0534
0.089585,1.0544,-0.052441,-1.3364,1.6313,-0.46278,0.20101,1.2206
-0.90863,0.25906,-0.37089,-0.43659,0.86946,0.35206,-0.93803,1.0295
0.97382,1.7196,1.3353,1.5409,1.0976,1.2291,-1.0646,1.7131
-1.1617,-0.21458,0.73173,-1.0713,-0.71328,0.46589,1.0335,-1.5703
0.62495,1.2832,1.4036,-0.21632,-0.59794,-0.82783,1.0469,1.685
-1.0024,-0.93492,-0.71607,1.4653,-0.85821,-0.69283,-0.10703,0.38259
-0.012037,-1.2301,-0.88322,1.143,1.3908,0.85886,1.6805,1.6778
-0.852,-1.0982,-0.92771,0.66612,-0.88033,0.91615,-0.75406,-1.3778
-1.4086,-1.033,1.264,0.45533,0.54618,0.60971,0.17669,-1.3561
1.0234,0.91528,-1.5944,0.60746,0.64987,-1.1403,-0.052877,-0.40951
-0.082929,0.54441,1.5586,-0.057863,0.092195,-0.57271,0.80243,-0.17862
0.71761,-1.7119,0.42779,1.3252,1.2961,0.49819,0.83334,1.3682
-0.83331,0.57901,-0.017583,-0.62796,-0.070477,0.49845,-1.1562,-1.0474
0.45625,0.61427,1.0686,-1.1229,-0.6151,-1.4482,1.6663,-0.62104
1.521,-1.3462,-0.88045,-1.4646,1.5294,1.4443,-1.6778,-1.6454
-1.0608,0.40362,-0.72087,0.30795,0.99883,1.0919,-1.0003,1.7141
0.39831,1.4899,0.45243,0.17736,0.65989,-0.046235,0.79012,-1.4877
-1.1793,-1.5331,1.0829,-0.60238,0.40875,-0.35081,0.16149,1.0843
1.353,-1.633,0.58136,0.065451,0.92509,0.53989,-0.35834,1.6202
0.082264,-1.6545,1.2028,-0.88206,-1.051,1.059,-0.3709,-0.49757
1.4562,-0.40574,0.11898,0.14371,1.409,0.60444,1.0316,1.7179
0.46588,1.7168,0.34362,-1.478,-0.43981,0.69313,-1.3896,1.7247
-0.068156,0.98541,-1.7321,1.166,0.15918,-1.5559,-1.491,0.33499
-1.2044,-1.5797,-0.81379,-1.1096,-0.45344,0.040753,0.41528,1.5134
-0.044732,-0.364,0.69958,-0.84895,1.5998,1.445,-0.54713,-0.28756
1.2208,1.0067,1.3971,-0.61554,0.96542,-1.5786,-1.4242,1.1177
-1.5221,0.94641,0.37884,0.56244,-1.0545,-0.67331,1.7154,1.1891
-1.6817,-0.98301,-1.6103,1.2353,0.96443,-1.6433,1.703,-0.4635
-1.0714,-1.0453,-1.349,-0.4809,1.6135,0.074515,-0.93279,0.48868
1.2842,-0.64489,1.0111,-1.6542,-1.4304,0.018533,-0.49826,1.5361
-1.2934,0.85689,0.80798,0.19148,-0.21804,0.77855,0.36733,-0.76658
-1.6079,0.9339,-0.83854,1.4306,-0.93548,-0.050731,1.1728,-0.591
-0.52461,1.3802,-1.6343,0.22226,1.1528,1.6501,1.225,-0.60076
-0.65183,0.23597,1.2352,-0.46089,0.41117,-0.059554,1.4435,1.7215
-0.71312,-0.0086437,1.1031,1.0057,-0.35315,-0.30742,-0.84039,-1.3488
1.3376,1.0511,1.2831,-0.8654,0.43291,0.81332,0.62764,-1.7089
-0.8959,1.6478,1.7021,0.37623,0.098657,-0.23978,0.075622,0.69348
-1.683,0.42137,-1.4673,0.80307,1.2809,0.33818,0.13808,-0.092855
0.34645,-0.87483,0.19493,-1.4504,0.14583,0.40474,0.71113,-1.3966
0.72381,-0.36034,-0.99695,1.1339,0.15497,-0.53658,0.091286,-0.1202
-1.5754,-0.24092,-1.7096,-0.029435,-1.4577,-1.197,1.0875,1.5524
-0.73388,1.3665,-1.3056,0.54659,-0.61509,-0.55414,-0.574,-0.31139
1.3592,-1.6539,0.27764,0.48134,-0.039198,-0.88417,1.2206,0.42302
-1.543,1.6598,-0.38825,1.369,-1.2705,1.5346,-1.0075,-1.2233
-0.88921,1.3402,-0.58699,-0.39101,-0.061977,-1.0132,-0.61419,-0.40812
0.66821,1.6559,-1.0151,1.573,0.17771,1.2754,0.5948,0.89832
-1.1379,-0.69523,-0.43279,-0.20069,1.4565,-1.5128,1.4824,-0.99894
-1.5766,1.1101,1.2018,1.0834,-0.91505,0.59526,1.394,0.8668
-0.51859,0.12193,0.18191,0.090769,-0.54372,0.78161,-1.6324,1.1701
-1.412,1.3256,-1.5222,1.3816,0.91403,-0.53872,1.3064,-1.5195
-0.26065,-0.58362,1.0518,0.49897,-0.67179,-0.88571,0.7548,1.2606
-1.513,1.7137,1.1576,0.47377,-0.81454,-0.34129,-1.4549,0.74832
-1.2156,0.61484,-0.47724,0.24291,0.69881,-1.143,-0.97721,-1.2314
0.6708,0.36137,-1.1337,1.0257,0.5485,0.5342,0.14394,-0.78004
0.66844,-1.5182,0.58299,-1.7086,-1.3648,1.2438,-1.256,-0.90699
0.19579,0.2137,0.075058,0.47414,0.4837,-0.11218,-0.57554,-0.60137
1.0813,-0.8695,-1.3455,-0.92091,-1.1418,-1.0797,-0.35062,0.40412
1.5814,-0.49335,-0.75888,-1.3239,1.7116,-1.4875,-0.092239,0.69093
1.4565,-0.14707,-0.33645,0.55859,1.1549,-1.0349,0.11559,-0.54424
-1.1725,-1.6542,-0.75285,1.242,-0.91456,1.1783,1.0767,1.5489
0.7308,-0.60434,0.8753,0.12363,-1.7008,-0.65312,0.7144,-1.3715
-0.2009,-1.5547,-1.4884,1.4011,-0.86458,-0.54724,-1.6153,1.2797
-0.53605,0.15594,-1.5512,1.0423,0.18049,1.4649,-1.6952,-0.39104
1.01,-0.60603,-0.23248,-1.3775,0.82079,-0.35011,0.10341,0.83246
0.19878,-0.75577,0.11307,0.39564,-0.12596,-0.31326,-1.3496,1.2344
0.89453,-1.1599,-1.4182,0.31187,-1.6824,0.41066,0.57113,-0.40793
-0.78504,-0.55489,0.47822,-1.2161,0.70814,-1.1074,-0.58638,0.065567
1.0122,-0.47332,-0.39307,1.5397,0.58869,-0.5258,1.6409,0.67857
-0.48701,-1.6298,-0.97413,1.0417,0.98113,0.77165,-0.64477,-0.30833
0.70888,-1.1031,0.36937,0.30484,1.484,-0.27403,-1.2971,-0.15543
-1.2727,-1.2773,1.6503,1.6045,-0.37995,-1.5629,-0.11231,-0.65467
0.2624,-0.34643,-0.86989,-0.24544,-0.32763,-0.49042,0.10107,-0.42104
-1.3956,1.0173,0.3919,-1.4884,0.30744,-1.1766,0.14987,1.1276
0.66213,1.3108,1.5895,-0.18805,-0.86989,1.3603,1.1733,-0.7409
-0.63472,1.2924,-1.2905,-1.2608,0.42806,0.66479,-0.053582,0.78264
-1.2951,-0.53988,1.3583,1.0889,0.11817,-1.3697,-1.7083,-1.5747
-0.87476,1.1453,1.3034,1.1847,0.23467,-0.16845,0.53454,-0.189
-1.4421,1.5418,-0.71932,-0.51877,-0.87342,1.349,-0.49869,-0.66028
-0.38697,-0.14225,-1.4638,0.69128,-1.1547,0.34665,-0.39717,-0.38723
-0.90074,0.42213,0.93009,-1.4578,-0.17198,-1.5294,-0.65681,0.32179
-1.169,-1.2469,-1.1417,0.16018,0.02765,-0.81597,1.5583,-1.4364
0.67568,-1.4498,0.13671,-0.80163,-0.0092749,-1.4785,0.88544,1.5104
-0.23942,1.206,-1.0273,1.7182,0.64335,-0.5003,0.95044,0.19399
1.2964,0.023825,0.58111,0.28538,-0.63336,-0.87813,-0.009475,1.0834
1.6564,-0.15947,-1.5807,1.6173,-0.94623,1.5033,-0.73288,1.1159
-0.79324,-0.011853,0.62596,-0.63391,0.84837,-1.2114,-0.010994,0.77629
-0.22296,0.2517,-0.42633,1.0368,1.5244,1.0735,0.35309,1.5245
0.72542,-1.3558,-0.22744,0.18993,-0.30789,-1.512,0.66861,1.1238
0.64838,-1.286,0.90967,-1.118,-0.40999,-1.0602,-0.54987,-0.030828
-0.46561,1.6348,1.5857,-0.39367,0.016443,0.42875,-1.443,0.69953
1.3475,0.0588,1.7179,-0.65359,0.39761,1.1173,1.5019,0.69586
-1.6319,-0.56549,-1.1777,1.48,0.9929,1.2673,0.3851,-0.13133
-0.56311,-1.3386,-1.2674,-1.2952,0.3182,0.03081,-0.17091,-1.4008
-0.46299,0.88629,-1.638,0.7627,0.45356,-0.51541,-0.89144,0.74108
1.3525,0.86759,0.13941,-0.33437,0.41436,0.4051,-0.9078,-0.20355
-0.59317,1.1318,0.46224,0.61885,0.28343,-0.65409,1.4661,1.6224
-0.36691,1.7108,-0.8224,-1.0819,-0.61128,1.0642,0.37873,-0.4628
1.6865,0.53946,-0.0098464,0.4622,-1.6421,0.015199,1.3176,-0.3078
1.2204,-0.013342,1.6432,1.1545,-0.62999,0.90032,0.48505,-0.45943
0.15832,-1.4623,1.1426,1.052,-0.55674,1.2674,-0.15713,1.3338
0.88106,1.6727,1.1782,1.6703,0.93316,-0.49511,-0.45935,1.2437
0.33254,-1.2417,0.22753,-0.058727,1.1843,-0.82299,0.87102,0.97857
-0.22581,0.668,-0.25568,-0.42628,1.134,-1.3298,0.38094,0.031333
0.23343,-1.5848,1.0064,0.68327,-0.72039,-1.4963,-0.15035,0.82895
0.84529,1.2223,-1.1352,-0.40941,1.5383,-0.22138,0.74493,0.62783
0.62061,1.386,1.164,-0.9234,0.5238,1.6493,-1.5726,-0.11367
-0.070945,1.5878,-0.35908,0.27161,-1.7125,-0.19903,0.76812,0.575
1.1125,-0.85291,0.4021,1.3667,-1.4012,-0.86933,-0.80555,-0.52106
1.6772,-0.093268,0.78775,-0.67511,0.050547,-0.080624,1.404,-1.1163
1.4402,1.1437,0.32184,-1.4361,-0.40072,0.94726,-1.2472,-0.054629
-1.4835,-0.43765,0.10023,1.6686,0.78135,0.65181,-0.73279,-0.64495
0.5509,0.02969,1.1757,-0.52166,1.2686,1.0203,-1.1816,1.2876
-0.92909,-0.39258,0.95891,0.42859,0.67118,-1.0368,-1.1246,1.5562
1.5794,0.044923,-1.4817,-0.36732,-1.3029,0.60184,0.62868,1.2265
-1.077,0.23406,1.1757,0.77514,-0.57138,-1.6136,0.97065,-0.23393
-1.0174,-0.8324,1.6154,0.1002,-0.30983,-0.80384,0.30018,-1.18
1.6508,-0.80673,0.68216,-0.20967,1.5314,-0.36785,0.26866,0.58358
-0.53293,-0.84929,-1.5664,1.6457,-1.3162,-0.35048,-0.54679,1.2171
1.4816,0.9304,1.5587,-0.97877,-1.0651,-1.4007,1.1918,-0.75226
1.1682,-1.2928,-0.49422,-0.94124,-0.51874,-0.92865,0.53702,-0.536
-1.1614,0.61521,-0.75652,0.57703,-0.56422,1.2004,-0.24774,-0.52047
0.68465,-0.030896,0.75491,0.58797,-0.91386,-0.8262,-0.22919,1.4613
-1.0192,1.276,-0.36639,-0.055026,0.36845,-1.2925,-1.5423,-1.2235
-0.20788,1.1769,-0.29461,-0.97823,-0.020771,1.4474,0.64759,-0.87666
1.5787,-1.389,0.0514,0.67417,0.41373,-1.0088,1.267,0.048648
-1.1487,1.675,-0.40999,-0.49156,-1.5951,0.25293,0.60066,1.0756
0.30941,-0.69106,-1.5153,0.66002,-0.027728,1.7041,0.78195,0.56465
0.14079,-0.44044,0.16505,1.255,1.2048,1.4943,-0.93662,0.73279
-1.4926,0.5377,1.4322,-0.97401,-1.2289,0.37891,0.93395,0.18668
-1.608,0.75755,-1.6412,-0.46271,0.44392,-1.6745,0.67174,0.90509
0.85374,-0.51774,0.83534,-0.57404,0.1361,-1.5876,0.21444,-1.584
-0.098189,-1.0013,-1.6603,0.70537,-0.36797,1.6101,-1.2929,-1.6062
-1.0397,0.34401,-0.2473,-0.18851,-0.20459,-0.81078,-1.2223,-0.90306
1.1981,0.43413,1.0047,-0.0053426,0.18819,-1.5362,-0.48998,0.69665
-0.6008,0.22222,1.3338,0.17544,0.76631,-0.57865,0.9747,-1.565
-0.14346,-0.53762,-0.27197,1.499,1.4538,0.48056,0.0010395,1.3809
0.371,1.5671,0.39903,-1.1461,0.4459,0.76082,-0.93486,1.3059
-0.88232,-0.34874,1.0988,0.39555,1.2864,0.72888,-0.1212,0.73002
0.50691,-1.0496,0.10319,-0.097447,0.40457,1.5224,-1.0907,1.0034
0.22385,-1.5535,1.5913,1.516,1.3787,-0.27864,-0.085534,-0.36398
-0.16986,-1.4691,-0.10302,1.0294,-0.98796,0.41093,0.31338,0.55534
1.1549,-0.99937,1.5471,1.5914,1.4642,-0.8696,-1.1862,-0.83459
-1.3273,-1.0869,-1.3763,-0.65146,0.99067,1.2842,-0.81308,0.10329
-0.38475,1.1192,1.3556,1.4606,0.57417,0.63031,0.37629,-0.048815
-0.016125,1.6559,0.94828,0.41876,-0.46586,1.1183,-1.2916,-1.0224
-1.7078,0.67918,-1.0182,-1.2272,-1.5115,-1.2823,-0.97664,-1.6331
-0.36908,1.0712,-0.58535,-0.45098,0.14954,-1.0149,1.046,0.78971
-0.018237,0.93987,-1.473,1.2788,1.0936,-1.469,-0.8826,-0.2556
-1.3892,0.43264,-0.25904,0.60784,1.3633,-1.2883,-0.97364,-0.72948
0.44167,-0.4246,-1.2215,-0.80328,1.1478,-0.97742,1.2511,1.4074
-1.3364,-1.6401,0.83912,-0.61956,1.5629,1.4322,-0.18067,0.48975
0.94175,0.18903,-0.1101,0.57354,0.79155,-0.77007,0.068806,0.27658
-1.2417,-0.38395,1.6301,1.1616,-0.19412,0.76957,-0.75182,-1.1995
0.74185,0.53566,-1.3517,-0.47362,-0.28697,1.0369,0.87025,-0.60651
1.6066,-0.16773,0.023297,0.0021097,1.5824,-1.0572,-0.32227,-0.75721
-0.31982,1.1235,0.38622,0.91802,-0.68168,-1.044,0.73778,0.80571
-1.4033,1.1642,-1.3007,-0.84708,-0.83109,0.14844,-0.72964,0.36386
-1.7407,-1.3175,0.34451,-1.3296,0.32016,0.77819,0.82775,0.67112
-0.54259,0.60781,-1.3832,0.32617,0.37984,1.4456,-1.221,0.78924
0.49379,1.0366,-0.098168,0.31432,-0.60744,0.67476,0.049424,1.2784
0.75035,0.23203,1.2956,-1.4828,-0.85767,0.060763,-0.58803,0.51943
1.3899,1.2567,0.51989,-0.44496,0.29118,-0.031888,0.24622,1.727
0.62455,1.4738,-0.24034,-1.171,-0.70281,-1.5457,-0.80908,0.95375
-1.4078,0.13389,0.23868,-0.95315,1.6313,1.6693,0.94053,-0.39858
-1.5459,-1.294,-0.17424,-0.19603,0.55224,-1.5835,-1.0635,-0.80422
-0.5839,-1.0885,-0.54621,0.34675,0.79571,0.38677,0.60117,-0.0017598
1.7144,1.4007,-0.87259,1.1446,1.5344,0.18785,-0.52146,0.79239
0.4745,0.75076,1.511,1.7117,-0.72012,1.6332,-1.3016,-0.26959
1.7191,-0.32729,-1.1868,0.86054,0.68672,-0.0057955,-0.09405,0.5728
-1.1712,-1.1112,0.4854,-1.7237,-1.6623,-0.90384,0.63942,-0.78134
-1.5348,-0.54769,-1.3301,-1.5101,0.74441,-0.00059395,-0.84759,-0.93229
-0.30683,0.61323,0.64103,0.54045,-0.07123,0.073295,1.298,0.60526
-1.6506,-0.8286,-1.5397,-0.27929,-1.4225,-0.555,-0.56553,-0.67289
0.96079,1.1813,-1.7609,-0.70781,0.51935,0.92057,1.1139,1.1865
1.3303,-0.89468,1.5774,1.1149,1.0874,1.5735,-1.558,-1.5223
0.69686,1.0703,-1.1922,-1.5387,1.4725,0.52198,-0.89894,-0.1544
-1.4655,0.42779,1.1916,-0.15681,-1.1161,0.084255,-0.088229,-0.69412
-1.6593,1.6007,1.2671,1.4195,1.2244,-0.8002,-1.5546,-0.56899
0.91835,-0.20224,0.97352,0.55783,-1.0383,0.29206,-0.48804,1.7224
-1.1895,-1.4274,-1.3846,1.1379,1.1022,1.4036,-1.2513,-1.1317
-0.24451,1.5756,-0.20518,-1.2427,-0.43041,0.10048,-0.99167,-0.10472
-0.70998,1.1996,-0.59041,1.477,1.5885,-0.14931,1.5694,-1.302
1.5093,1.2443,1.1249,-1.6934,0.19232,0.10519,1.4319,-0.074337
-0.50232,-0.11049,0.93113,0.89765,0.78642,0.42907,0.20057,-0.72325
0.78627,-0.025616,-0.50037,1.2683,0.80759,0.80212,0.61264,-1.652
0.87529,-0.80867,-1.1349,-0.050691,1.1185,0.19787,-1.4047,-1.2094
-0.10842,-0.76688,0.36517,1.5617,-0.77364,1.541,0.84307,1.6835
0.36394,-1.1351,-0.45175,0.65982,0.14233,-0.35973,-1.4774,1.1508
-0.90401,-0.90411,1.2536,-0.25241,-0.55566,-0.52454,1.2152,-1.5537
-1.1727,0.63579,-1.0365,-1.643,1.1323,-0.85637,0.75179,-1.571
-1.2776,-0.72723,0.17801,-0.44288,0.58124,-1.3097,-0.057096,0.75615
-0.34635,-0.90248,1.7165,1.7316,-1.719,1.3417,0.38191,-1.6656
-1.0111,-0.27777,-1.7337,-1.6854,-0.51079,-0.14501,0.90522,-1.068
-1.0089,-1.5756,-0.21373,-1.6937,-0.62359,-0.72639,-0.10925,-0.76575
0.087414,-1.0025,1.4071,-1.5457,1.5245,0.92054,-0.12169,-0.22943
1.1554,-1.4783,0.76135,-0.89139,-0.19402,1.2225,-0.27195,-1.0619
-0.3655,0.82829,-1.5857,-0.8568,-0.54597,0.08395,-1.4244,1.635
-0.30278,0.69583,-0.78005,0.67481,-1.1246,-1.0191,-1.7158,-1.5107
0.76106,-0.4123,-0.61421,-1.4636,-1.3813,0.60613,-1.0349,-0.75235
-0.45337,-0.093197,-0.87265,-0.016008,1.4061,-0.66214,0.90285,-1.2602
0.30585,1.4862,0.58317,1.0822,1.421,-0.71151,-0.84803,0.44412
-1.0689,1.2415,1.4125,-0.34127,1.6042,1.383,-1.3385,-0.7209
1.4114,-0.20182,1.3368,-0.98257,-0.96368,-1.1456,-0.98906,-1.3761
1.0529,-1.6284,0.22217,0.22957,1.5999,0.20496,-1.1094,0.42637
0.76937,0.85618,0.20555,-0.90383,1.6768,-0.37439,0.0016894,0.068585
-1.1341,-1.3145,-0.25793,1.3045,-1.1934,0.10202,-0.91711,-0.3739
-1.4597,1.026,-0.48711,1.7518,0.15302,-0.69098,-0.23315,-0.3795
-1.4813,-0.93869,-1.2464,-1.7301,0.30639,-0.36304,-0.21741,0.89397
-1.0795,-0.94753,0.37577,0.14491,-1.5077,0.84215,-0.48489,-0.63596
0.22335,0.17729,-1.1446,0.27593,-0.30381,-1.251,0.24274,0.80036
-1.0806,-1.7228,0.98537,0.98035,-0.30577,0.19291,1.5467,-0.64327
-1.2545,1.3938,-1.6133,-1.2607,0.76061,0.52903,0.025552,-1.396
-0.36549,-0.89497,-1.0636,1.7148,1.1118,0.55558,-1.3924,-0.80604
0.60351,-0.58509,-1.2666,-1.0083,-0.24665,-0.63017,0.53142,-0.66997
-1.3854,1.3627,-0.58948,-1.5427,0.55959,-1.1661,1.1275,1.5643
1.5028,0.7284,0.93078,0.77725,0.076759,0.80989,-0.63762,0.75466
-0.15469,-0.64683,-0.79286,1.5397,0.22441,-0.39572,1.7115,1.3112
0.36466,-0.204,0.70616,-0.33703,-1.6883,-0.6116,-0.25927,1.1214
-1.4263,-0.46555,-0.33771,-1.4587,1.4714,0.30789,1.1133,0.38004
-0.71436,-0.026197,-1.0511,0.18951,-0.48882,-0.98038,-0.44599,0.68499
0.93162,-0.42046,1.2704,1.6279,-1.3267,-1.5823,0.95128,0.33303
0.86951,-0.14557,-1.6576,-0.53973,-0.14391,0.97297,-0.70805,-0.032197
1.4056,-0.028023,-0.44827,0.69552,0.25833,0.96547,-0.4174,-0.79026
-0.13039,-0.38261,0.050567,0.29259,1.1483,0.69113,-1.1035,0.91694
-1.6137,-0.85617,0.057286,-0.47668,-0.67705,-0.78666,-1.6366,0.62508
-0.10346,0.33179,0.96677,1.5207,-0.98558,-0.28374,-0.21283,0.60077
0.58095,1.6103,-0.8699,0.7048,-1.661,-0.58015,0.3917,-0.8254
1.2422,1.4315,-1.5108,0.66516,-1.5463,0.042086,1.3479,-0.32124
-1.0972,1.209,1.2874,0.38476,-1.4694,-0.82355,0.13046,1.6349
1.3074,0.74399,-0.0094151,-1.2192,1.0459,1.7265,-0.36633,-0.60614
0.44766,-1.3315,-0.47604,-0.33549,-1.6961,-0.90819,-0.97599,1.4837
-0.61997,0.13105,0.16744,1.1892,-1.3992,-1.5488,-0.54045,-0.17289
0.78187,1.2613,-0.051926,1.6207,1.7169,0.1981,-0.42072,1.5122
1.3966,1.4025,-1.0823,-0.2394,-0.56722,-0.60389,0.29556,-0.58095
-0.34419,0.97343,1.2557,-0.50055,0.27392,-1.2043,1.6742,0.60463
-0.16076,-1.2998,1.5479,1.4484,0.2914,-0.057785,0.032746,1.0864
-1.6483,0.14798,-1.4457,0.46545,0.74222,0.78658,-0.86198,-0.59069
1.5542,0.32853,-0.59052,-1.337,-1.1316,1.0204,-1.3272,-1.0957
0.057444,-1.0229,-0.38255,-1.1057,0.62143,0.65626,1.5845,-1.602
-0.065811,0.55726,0.96747,-1.3794,0.43979,0.60386,0.84922,-0.39127
-0.69223,-0.52326,-0.1243,0.81029,0.54012,-0.30952,-0.60467,-0.195
0.7417,-0.052247,1.3951,1.7226,0.37634,-0.16135,-0.43406,1.3833
1.0198,-1.5834,0.6187,0.6216,0.51031,-0.012268,-0.4215,-0.75169
-0.9912,-0.7196,1.4305,-0.21733,-0.019469,0.62741,-1.5207,-0.89122
0.99622,-1.4729,0.90744,-1.5874,0.81588,-1.1571,1.5952,1.4579
0.90986,-0.94461,1.4464,0.75419,1.5978,-0.45821,-0.13877,-0.82458
0.047841,1.7491,-1.3382,0.49383,-0.7585,0.093825,0.40289,-1.6973
-0.43872,0.85639,-1.5318,-0.14883,-1.7168,-0.086789,-1.1283,-0.7827
0.78387,-1.5032,1.317,-0.73417,-0.66807,0.34179,-1.6742,1.5882
0.98075,-1.4473,0.84676,0.15269,-0.11707,0.49648,-0.20602,0.059124
-1.6881,0.37949,1.4217,-1.0444,-0.11369,-0.21133,-0.22644,-0.84633
1.4295,1.6316,-0.003346,0.0571,-1.4519,0.017537,0.46024,1.1219
1.118,-1.4155,-1.0783,1.4972,1.5122,0.50915,0.33967,-1.6384
-0.61523,-0.22165,-1.1973,-0.34384,0.019638,1.232,-1.4799,0.34819
-0.2383,1.4912,-0.30921,-0.034547,1.5775,-0.12988,1.4849,1.3623
-0.38138,1.1098,-0.4312,0.84126,0.19788,0.6919,0.84329,-1.1523
1.6539,0.35203,0.5407,-1.2475,-1.0153,-0.89906,-0.064022,-0.51625
-1.0086,0.86846,-1.3455,0.15031,-0.82708,0.4332,-0.16238,-1.5305
-0.28539,-0.87097,-0.20833,-1.1206,0.87493,0.38788,1.2445,-1.7076
0.74034,-1.112,1.1447,0.53321,1.0557,0.3792,1.1442,-1.5615
-0.88091,0.60827,-0.39297,1.1371,-0.084754,-1.176,-1.6282,-0.89517
0.21292,0.93747,-0.56518,-0.1546,1.2019,-1.5934,0.93749,-0.93632
1.5034,-0.70388,0.38622,1.2228,1.3543,0.2853,0.37327,-0.33448
-0.013921,-1.4108,0.36091,-0.54545,-0.40503,0.10749,-1.4154,0.63899
-1.1506,-1.7283,-1.5316,-0.38964,0.93869,-1.6526,0.62056,-1.0446
-1.5783,1.2045,1.6349,0.25761,0.90607,1.6518,-1.4601,1.2665
-0.89509,-0.74304,1.382,0.63811,1.021,-1.2784,0.85917,-0.97378
-0.83167,-0.19352,-0.98084,-0.53798,0.026069,-0.26323,0.76828,1.1824
0.042075,-0.064187,0.36503,-0.72338,0.27006,1.691,-1.619,-0.38492
1.1198,-0.70642,-1.1232,1.7408,0.62809,0.61839,-1.4472,1.2402
-1.2388,-1.2277,0.77706,-1.6857,-1.0946,0.57146,-0.81592,-0.55729
-0.48139,0.57583,0.1604,1.3079,0.0056169,1.186,1.3112,1.0401
-1.625,-1.144,0.8322,0.38967,1.3139,0.9289,1.3156,1.0043
-0.63884,1.6691,1.1696,-1.2165,1.3393,0.078831,1.2922,-0.49965
1.3809,0.21735,-0.68829,0.17937,-0.42321,1.0039,0.0089363,1.4386
-1.0882,1.6629,1.0916,-0.21022,-1.036,-0.59055,-0.4287,0.69632
-0.12141,-0.56766,-0.95758,-0.76817,0.82785,1.4133,0.078693,1.4849
0.019183,0.57777,-1.4795,-1.3938,-0.35842,-1.6614,-0.67862,1.5238
-0.06796,0.29416,-0.93091,-1.1058,0.87658,0.16144,1.6813,1.7031
0.12766,0.05547,-0.30263,0.37169,0.12366,-0.49666,-1.0498,0.97379
0.38076,-0.25633,-0.22201,0.27905,-0.11657,-0.91683,-0.93032,-0.93572
0.0515,-0.77441,0.74798,0.60983,-0.54875,0.24339,-1.3609,0.30407
1.5046,0.78583,-0.21737,0.51259,-0.25564,-0.47741,0.58199,1.1971
-0.68407,-0.55083,1.5569,1.7139,-0.98929,0.89056,-0.312,1.2513
-0.39523,-0.90124,1.0266,1.407,0.86223,0.56091,0.36286,1.5664
-1.1782,0.010075,-0.63483,1.6406,-1.5188,-0.6223,-0.022525,-1.6878
-0.45097,0.50953,-1.1399,-0.076367,-0.60507,-1.6282,-1.0253,-0.19528
-0.90066,-0.87984,1.0488,1.1996,-1.1666,-0.13482,1.3724,0.14195
-1.7337,-1.0088,1.4537,-0.8382,-0.27627,-0.89628,-1.2064,-1.386
0.35864,1.4444,1.6022,0.59234,-0.96904,0.68024,-0.78714,-0.4587
-0.64608,0.96476,0.6948,-1.2223,1.4904,-0.4005,1.35,-0.69707
0.98569,-0.84657,-1.7194,0.73885,-0.4483,1.1665,-1.0064,-1.4035
1.4006,1.2438,1.1533,0.13352,-1.4152,1.3403,-1.4254,0.70813
-1.4063,0.84789,-1.3964,0.32787,-0.62656,1.1472,0.27425,-1.0998
-0.94292,1.7343,0.35237,1.1646,-1.7094,-0.88782,-0.61605,-1.5167
-1.6202,-0.32364,-0.21347,1.0921,-1.3262,1.1709,0.59213,-1.4376
-0.49132,-1.0379,-0.86414,-1.3489,-0.48782,-1.0413,-0.62833,0.85146
-1.7332,-1.1285,-0.48715,1.7201,-1.1156,0.44988,1.2101,0.28163
0.7792,1.4695,1.487,0.45595,-1.6038,-0.8366,1.0461,-0.54832
0.60673,0.088388,-0.44636,1.6307,-0.2674,1.3412,0.091359,-0.7299
-1.3597,1.111,1.013,-1.6318,0.82529,0.50242,-1.4725,0.72887
1.1991,-0.027098,0.44727,-0.76177,-0.60708,1.5718,-1.4339,0.022587
-0.30137,1.1114,-0.61738,-0.22555,0.88189,-1.6201,-1.3404,0.2315
1.2628,0.23913,-0.1392,0.25752,0.8991,1.543,-0.33821,-0.6421
-0.74827,0.20351,1.4463,-0.64614,-0.44695,-0.3104,-0.3449,-0.59833
-0.44306,0.17082,-0.30776,-1.428,-0.91063,1.061,-1.7088,-0.24393
-1.2591,1.4711,-0.56163,-0.59604,-0.050212,0.036374,0.64283,-0.19992
-0.84375,0.46878,0.48982,-1.088,1.0886,1.1044,1.2557,-0.95173
0.91308,-1.1222,0.59837,1.7161,1.3155,-1.2357,-0.86948,-1.5767
-0.32002,1.1573,-0.21617,0.98637,-1.4944,1.464,1.0044,0.76775
-1.4976,-1.3605,0.66147,0.64101,1.1564,0.34025,0.8142,0.57097
1.4581,0.59342,0.94313,-1.4266,0.99531,0.19165,-0.067973,0.62333
0.14728,-1.6562,0.80177,-1.1512,0.58693,1.4483,-0.023199,-0.12558
-1.212,-0.31268,1.3146,1.3435,1.4271,-1.244,-1.3839,0.97912
1.4432,0.56643,-0.85212,1.0254,-0.57695,1.3657,1.3261,0.81898
-0.46911,-0.92195,-0.61199,0.099377,0.21459,-0.035417,-0.85042,-0.42628
1.1157,-1.2372,-0.37215,0.25167,-1.2581,-0.5932,1.1514,0.81163
-1.0205,0.4125,1.1491,-0.44087,-0.11058,-0.23883,0.86016,1.7272
1.0388,-1.3005,-1.5834,-1.1698,0.85333,-0.40426,-1.3329,1.6615
-1.2949,1.0645,-1.4709,1.6362,0.84083,0.043264,-0.40601,-1.2628
0.88756,0.40537,-0.42548,1.5125,1.5421,1.2255,0.80282,-0.082685
-1.0112,1.1349,-0.19465,0.54679,-0.32218,1.5812,-0.32322,0.33704
1.0201,1.4802,0.41279,1.6031,1.3709,-0.66049,-1.2807,-1.447
-0.091088,-1.2226,0.50435,-0.030517,0.63829,-1.2598,0.071246,1.6246
0.66082,-0.85766,0.58608,-1.2894,-1.3376,1.4071,-1.2235,-1.6764
-0.98209,0.07049,1.4095,-1.0331,-0.67075,-0.70401,1.5182,1.7315
1.564,-0.96939,1.3602,-0.19995,0.88668,0.027617,-1.3656,-0.16652
-1.406,-1.6348,1.1866,-0.61617,-1.5032,0.76309,-1.5961,-0.6587
-1.7296,0.14661,-0.18047,0.37365,-1.1758,0.81668,0.73484,0.095216
-0.76476,0.49522,0.67651,-1.2999,-1.7367,-0.55851,-0.98817,-1.2592
-1.1865,-0.6713,-0.47947,-0.73737,0.45795,-0.044706,-0.34682,0.72513
0.30433,-0.91456,1.2956,-1.2108,-0.067353,-1.0187,0.12862,-1.4019
-1.5497,-1.6282,-0.27944,-0.29521,-1.0942,-1.1012,1.0266,0.55021
0.501,-0.015138,0.21438,0.411,1.4823,-0.52765,1.0957,1.4177
0.17663,0.99161,-1.3394,-1.6384,1.158,-0.91414,-0.89663,0.25188
1.5787,-0.42697,-0.50845,-1.6841,0.67453,1.5254,-0.81902,-0.72377
-0.674,0.92712,-0.4072,1.4393,-0.2242,1.6482,-0.72258,-0.90305
1.3601,-0.21679,0.81241,-0.64689,1.2039,1.0662,0.3739,-1.4756
0.65927,-1.0379,-1.5332,-0.38557,-1.5377,1.0487,0.71815,-0.36765
-0.046654,-1.2419,-0.13484,1.4189,-1.2199,-1.302,1.7007,1.612
0.2304,0.93592,-0.88634,-0.66833,-0.42413,1.3343,0.55446,-1.5911
-1.3589,-0.95735,-1.7561,1.7179,0.72339,1.4764,1.1613,1.2296
0.066515,1.4306,-0.85016,1.2342,0.32314,-1.5432,-1.1397,0.51971
0.88717,1.2015,-0.2719,-0.52698,-1.0236,-0.49343,-0.063751,1.022
0.099307,-0.75227,1.3191,0.60515,-0.9857,0.62347,1.1031,-0.48445
0.94343,-0.84958,0.5036,1.4094,0.87783,1.6983,1.1104,1.1595
0.34171,0.26029,0.48519,-0.55688,-1.7107,1.621,-0.89834,-1.589
-1.5425,1.2194,-0.30902,-0.94941,0.20415,-1.706,-0.52535,0.28325
0.97394,1.2591,0.14772,-0.27135,0.57273,-0.68979,0.4674,0.096257
0.75993,1.0411,1.6515,1.0613,0.021095,-0.097521,0.72878,0.7761
1.5288,-0.49788,0.35932,1.5818,-0.49606,-1.3646,-0.72323,-0.11075
0.79219,1.1641,1.0124,-0.58828,0.34575,0.12088,1.1076,0.36801
-1.6567,0.12281,0.5863,-0.37255,1.5543,-0.65463,0.30088,0.367
0.96214,1.3388,1.5486,1.09,0.92635,-1.2719,-0.49626,-0.18866
0.20324,-1.157,-0.98644,-1.5651,0.039077,-1.3071,-0.23948,-0.51352
0.35623,0.55301,-0.16212,-0.84739,-1.5263,-0.52403,-0.076719,0.20759
0.80708,-0.63209,1.3073,-1.0717,1.3766,-0.92286,-0.13125,0.18319
1.2427,1.4597,1.107,1.659,-0.14794,0.27924,-0.032628,-1.3398
-0.70142,1.232,1.1471,-0.79155,-0.47694,-0.93021,-1.0925,1.6594
-1.6446,-0.30223,-0.18031,-0.051401,0.929,1.4288,-1.1311,1.402
-1.2224,-1.0967,0.020515,1.6945,1.2023,0.15375,0.026002,-1.2915
0.93364,-0.96689,0.25175,0.69062,-0.49102,-1.0162,0.92699,0.94219
-0.46295,-0.70043,1.6385,-1.0999,-0.39425,-0.41296,-1.3706,-1.1135
-1.0921,0.11648,1.4719,1.7147,1.3744,-0.91529,0.082652,0.77241
1.4343,0.95704,0.67506,0.52366,-1.5466,0.22065,1.3097,0.55978
1.5243,0.74659,-1.3685,-0.22354,0.80931,1.7116,-0.3998,0.7885
0.31619,-1.6238,1.4948,-0.38783,-1.0027,1.2828,0.12798,-1.1043
-0.50212,0.82393,0.57688,-0.2802,-0.73,0.55787,-1.7321,-0.34934
1.1471,0.044066,-0.41993,-0.58896,1.6613,-1.015,-0.5288,0.50204
1.7237,-1.177,0.3201,0.54954,-1.2209,0.30658,1.4629,0.536
0.3854,1.1119,1.4722,-1.6246,1.0902,0.30374,0.91349,-1.5395
-1.1101,-0.32518,1.187,-0.57831,-1.4044,0.40377,-0.80363,0.34437
-0.38352,1.5619,-1.426,0.83067,0.57502,0.45232,1.2247,0.71399
-0.3644,-1.6212,-1.5497,-1.1603,1.0648,-0.13124,-1.1084,0.6138
0.72159,0.10644,1.1787,1.3855,0.33345,-0.86056,-1.3727,0.44279
-0.78912,-0.48799,0.53629,-1.7277,1.4294,1.3177,-0.38129,-1.0164
-1.6281,-1.3623,-1.2127,0.94631,-1.1424,-1.551,1.3381,0.91614
0.89424,0.55162,0.71097,0.26722,1.0024,-0.80409,0.22588,0.90961
0.78743,-1.6201,1.4229,0.13997,-1.138,-0.80187,-1.1439,0.59879
0.75831,-0.97454,1.0417,-1.0505,0.52349,1.1631,0.05122,1.6091
0.15133,1.4583,0.512,0.574,0.56485,-1.4869,1.4719,1.4723
-0.39496,-1.1318,0.96293,1.4996,-0.46295,0.55956,0.8005,0.28722
-1.0144,1.1841,1.6455,1.0239,1.5755,-1.5033,-0.85046,-1.5905
-0.26475,-0.13068,-1.5388,-1.211,-0.48273,-1.0817,-1.5408,-0.3176
0.65002,-1.5644,-0.42095,-1.1247,0.4634,-1.4528,0.43496,0.62485
1.3536,-1.4409,1.3077,0.45499,-0.8045,-1.2445,1.3758,0.35601
1.507,0.78184,-1.6893,1.3915,-0.67072,0.18831,1.518,-0.6475
1.3988,1.5303,-0.52604,1.091,-0.70265,1.4412,-1.4981,0.33054
1.5449,-0.52173,-0.09579,0.15584,0.72514,-1.5892,-0.013204,-0.50347
-0.36422,0.32556,1.1107,1.3851,0.98417,-1.2563,-1.086,0.083884
-1.4387,-0.59951,-0.19745,-1.1021,-1.4202,-1.685,1.6298,-1.1048
-1.2782,-1.6938,-1.0408,1.273,1.6458,0.098249,0.5572,0.86537
0.37193,1.131,0.080266,-1.3684,-0.10399,-0.13234,1.6854,0.33112
-0.59447,0.10308,-0.3291,-0.79907,-0.81856,0.87193,0.57776,-0.35211
-0.82071,1.0236,1.2686,1.1993,0.97474,0.29353,-0.47627,1.4736
-0.96269,-1.5262,0.54452,0.35503,-1.7328,1.4323,-0.0098431,0.33299
-0.097152,1.5018,0.72771,0.33595,-0.17885,1.0245,0.60088,-0.056282
1.579,-0.2698,0.57936,0.40302,-0.090836,0.55674,1.0234,-0.018056
-0.15331,0.53156,1.5534,-0.87926,1.4958,0.7893,-0.33901,0.23936
-0.83182,-1.4538,1.1975,1.6476,0.38265,1.1679,-0.053516,0.61263
0.21604,0.92031,1.2597,0.739,1.1526,1.2554,-0.73567,-0.10929
1.6673,-1.0512,-0.748,-0.82752,-1.4396,-1.307,-0.97322,-1.649
-1.6983,-1.6122,-0.48659,0.90596,0.72059,-0.39757,-0.061486,1.6363
0.1598,0.93176,1.4043,-1.4691,-0.56526,0.76328,-1.3335,1.6125
-1.2855,1.5132,1.5854,0.97096,-1.0287,-1.5607,-0.51712,-0.82177
0.68417,0.25124,-0.038232,0.22141,-1.4998,0.074283,-1.3815,-0.72871
1.119,-0.099444,1.2926,-1.2957,-0.7273,1.2074,0.22939,1.3253
0.90613,0.090072,0.51587,0.12884,1.0398,0.72976,-0.24162,-0.46366
0.96608,-0.65728,-0.5037,1.6869,-0.82757,-0.55694,-0.67265,-1.2153
-1.0474,1.5942,-1.5468,1.1961,-0.63049,-1.2219,0.73701,-1.177
-0.60316,0.13344,-0.19862,0.050839,0.60007,-1.4441,0.27152,1.1389
1.6675,-0.66689,-0.61187,-0.20555,1.0845,-1.3675,-0.10672,-0.68906
-1.6817,-0.72759,1.578,-0.78685,0.62203,-1.2586,-0.84907,-1.6936
1.4454,1.311,1.3009,0.12916,1.1749,-0.1943,-1.6915,1.2423
0.86399,0.74502,1.2214,1.5863,-0.18285,0.39702,1.1332,0.75387
0.65792,0.39561,-0.93246,0.70824,-1.3295,-1.6686,0.35425,-1.1851
0.046716,-1.2764,-0.52352,1.5169,-1.5567,0.83377,1.0249,-0.18872
-0.80412,-1.3344,-1.2595,-0.1371,0.92778,-1.6873,-0.31576,1.4949
0.98211,0.53816,-0.94354,-0.92366,1.0237,-1.697,-0.65509,-0.97365
1.1194,0.98289,-0.21469,-1.5142,0.58679,1.3035,-0.20249,1.0574
0.79544,1.363,-1.0581,-0.4674,-0.15433,0.49423,1.4841,1.5579
0.20743,1.0048,-1.6124,-0.33405,0.11113,0.72975,1.1321,0.68146
-0.44737,0.022616,0.13498,-1.0556,0.62474,0.51244,-0.37007,-0.76665
0.056751,1.6144,1.2281,-1.473,0.096056,0.46798,-1.2805,-1.2608
0.92469,1.5275,-1.0105,-1.2618,-0.81859,0.18403,1.2314,-1.3329
1.5763,1.0711,-0.17548,1.0582,1.2647,0.85961,0.4356,-1.5252
-0.38806,-1.7104,1.3186,-0.59508,-0.050555,-0.080859,0.25236,-0.15153
-0.37701,-1.6674,-1.6983,-0.68678,1.5249,0.0079624,1.4426,1.232
-1.3877,-1.6019,-0.26928,0.17413,0.61814,1.6532,-1.2655,0.81649
1.3848,-0.27524,1.6697,0.54646,1.1477,1.3869,-1.5847,-1.205
-0.74663,-1.0749,1.6286,0.61098,0.83057,0.45417,1.4993,1.6035
-1.4528,0.32667,0.95563,0.035328,0.86574,-0.60102,-0.67113,0.41003
-0.88113,-0.7366,1.2638,-1.442,1.6717,1.628,1.0758,-1.276
0.19434,-0.24166,1.1228,0.54665,1.0128,1.1479,0.95388,-0.73533
-0.42544,-0.23752,0.15897,0.75572,0.8904,-0.77439,-0.67668,0.8925
0.099134,-0.41389,0.35564,-0.39449,-1.6329,-0.42909,-0.73071,0.035314
0.76657,-0.78537,0.64554,1.644,-1.1232,1.6864,0.73486,-1.0086
0.46989,-1.0093,0.27978,-0.37553,1.4225,-1.6646,-0.21226,1.1294
0.52927,-0.016898,-1.578,1.5197,0.59754,1.128,-0.78559,1.638
1.099,-0.81892,0.51873,0.91789,0.88256,1.0785,0.0057152,-1.2208
0.059558,1.6425,1.3293,-1.1322,0.13279,-0.40307,0.97385,-0.12135
-0.034702,-0.096493,0.44632,0.11605,0.69155,-0.87666,-1.1419,-0.13908
-0.26988,0.17066,0.02068,0.53609,1.3296,0.097618,0.49418,-0.6724
-0.46151,0.99624,-1.0912,0.81897,-1.5329,1.0133,-1.5989,1.0035
-1.7381,0.13002,-0.99456,-1.4481,1.6471,0.58042,-0.32741,-1.203
0.43873,-1.1313,-1.1039,-0.42906,-0.75416,1.6461,-1.3067,-0.40287
1.1896,0.57576,1.2553,0.37146,-0.85518,-1.3101,0.020158,1.0262
-0.18366,0.23564,1.5427,0.60107,-0.86685,0.67426,0.97953,-0.033501
1.5706,0.44553,0.78829,0.85084,1.6974,-0.95436,-0.29857,-1.4862
-1.5595,1.7046,-1.5204,0.26289,0.37107,-0.073111,1.5531,-0.072752
1.3385,-1.1554,0.94008,0.74969,-1.3244,-1.0731,-1.2053,1.7102
-0.017699,1.2976,0.46028,1.7361,-0.18091,0.1345,-0.83944,-1.1729
-0.59683,-1.4149,0.13918,-0.69342,0.10545,-1.5158,1.3181,1.5146
-0.17458,-0.77206,0.43158,0.31644,-1.5103,1.0783,1.2373,-0.54202
-1.5153,0.28288,-1.6129,1.6579,0.54531,1.0309,-0.64504,-1.2609
-1.6769,-1.3354,1.5971,0.74083,-0.67083,-0.62206,-1.3414,-1.6837
-1.0814,0.67849,-0.53424,-1.5019,-0.49508,-0.33514,0.70455,-0.022027
-1.0701,-1.5128,0.84624,1.0391,0.82575,-0.37381,0.98641,-1.298
-0.44758,1.4263,-1.3158,-1.4021,1.2637,1.717,0.88695,-0.87605
0.79622,0.68921,-0.7622,0.95582,1.5025,-0.33078,-1.1013,1.6975
-1.4167,-1.2876,-1.7611,0.3391,0.79155,-0.97769,0.43463,-1.7041
-1.7057,-1.6994,-1.2058,-0.28502,-0.67548,-1.4096,0.16105,-0.63473
1.4545,0.18842,-0.025175,-1.5758,1.4787,-1.2417,1.6973,1.663
1.1082,0.15425,1.0675,1.3097,0.1511,-0.46999,0.82835,-1.5198
0.50732,1.3086,1.3985,0.36151,1.6181,1.2319,-0.84149,-0.65033
1.6733,-0.94534,0.78054,-1.0633,1.3304,1.3551,0.50936,-0.12474
-0.31398,-0.29688,-1.6562,0.60638,-1.5162,1.277,-0.38644,-0.53094
-0.17932,1.6506,-0.74153,0.81691,1.5031,0.012569,1.3287,-0.51819
-1.0122,-0.19878,0.25604,0.70905,-0.43369,-1.1321,-0.26401,0.011835
-1.3755,0.65617,0.15215,-0.19346,0.74069,-1.579,0.78675,-0.36845
0.25374,1.1081,0.55158,-0.72897,-0.008812,1.4225,0.98452,-1.5945
0.73325,0.39562,1.5972,0.73049,0.59053,1.5979,-1.5722,1.2846
-1.4336,-1.3406,-0.34238,-1.1788,0.078515,-0.051134,-0.70474,0.27953
-1.0125,-1.308,1.2122,0.69426,0.37898,1.1192,-0.39514,1.5665
-0.24128,-0.11942,-0.19127,-0.75687,-0.52776,-0.02418,-1.0206,0.15955
0.13614,0.30086,0.61353,-1.5785,1.4847,-0.35066,0.024942,-1.4528
0.80365,-0.15376,-0.60911,0.89121,1.6001,-0.82846,1.4387,-0.45671
-0.94796,-0.91367,-0.8361,0.36595,-0.16854,0.079398,1.4074,-0.054151
-0.43933,1.5868,-0.52307,0.80792,-0.24492,-0.30869,-1.6952,-0.42392
-1.0496,0.32716,-0.14624,-1.2343,0.95936,-1.3854,0.26584,-1.0647
-0.69675,0.58082,-1.1662,0.47579,1.5445,-0.88031,-0.4541,1.631
-0.0027659,-1.0849,-1.7179,0.16912,-0.08334,0.018524,-0.58985,-1.4583
-0.63595,-0.93445,1.0197,-0.43239,-0.020676,0.57699,-0.86281,-0.76955
1.548,0.63701,0.50407,0.60596,1.445,-1.3325,0.19037,-1.129
-0.16795,-0.70023,0.86867,0.040901,-0.1296,-0.17337,-1.2106,0.86018
-1.6863,1.5266,-1.6139,-1.2003,0.93469,1.2347,-0.55704,-0.055645
1.3295,0.78727,1.51,-1.5915,1.2052,-1.4139,-0.52856,-0.88569
-1.4536,-1.4232,0.13266,-0.24146,1.0315,-0.86539,0.95775,0.84701
-1.684,-0.43272,1.3288,-0.39514,-1.6083,-0.83159,-0.3354,1.3598
-0.13137,1.3052,-1.6697,-0.23203,1.4265,0.83974,-1.4087,0.31014
-0.60205,-1.1609,0.98063,-1.2029,-1.2513,-0.52753,-1.5383,0.43445
-0.82876,0.86215,-0.98367,-0.60416,-0.94883,-0.68757,1.3034,-0.84919
-1.0743,-1.5755,1.2255,-0.70289,1.7049,1.1837,-1.5108,-1.2433
-1.6961,1.0296,-0.3552,-0.95991,1.17,0.45597,1.6438,0.8573
-0.12451,1.6392,-1.2424,1.3142,1.0903,-1.5797,-0.91106,0.62671
0.10152,-0.38459,0.47332,-0.9752,1.0605,1.2344,-0.014519,0.68247
-1.2846,0.63101,-0.58133,-0.35192,0.55438,1.5305,0.97759,0.96601
0.73491,-0.34445,-1.4204,1.2582,-0.21473,1.0072,-0.093637,1.2984
1.7218,0.2656,1.5944,-0.33616,-0.051577,-0.77187,0.9691,-0.17714
-0.1203,0.62396,0.22892,-0.1288,0.13912,-0.097949,1.2391,-1.1671
-1.0776,1.2613,0.98711,0.23672,-0.88545,-0.45627,-0.14766,-0.23245
0.36049,0.96945,-1.7055,-0.7072,-1.5344,-0.05522,0.23551,-1.4429
-0.73467,1.0957,-1.2885,1.1022,-0.28803,0.23753,-0.24719,0.049889
0.020914,-0.15927,1.6282,-0.98708,1.2946,0.14926,0.7217,-1.6903
0.07317,0.051263,-1.6854,-1.4693,0.96478,0.82533,1.6966,-1.2127
0.60556,-0.023247,0.309,0.41879,1.7065,0.79722,-0.35984,-0.48474
-0.21424,0.58612,-1.0011,0.41636,-1.6184,-0.44436,0.74671,0.37335
-1.684,0.4097,1.0917,-0.25803,-0.48628,-0.36399,0.3358,-1.2037
1.4172,-0.43715,-0.60265,-0.12627,-1.267,1.5732,-0.83728,-0.45077
1.0396,1.3679,0.014223,1.4673,0.98118,1.2035,0.032417,0.73223
0.80886,0.50103,0.40705,1.0738,-0.50705,-1.0339,-0.27511,1.3176
0.24566,-0.44638,1.6093,-0.42322,0.75887,0.94005,0.58652,1.2919
-0.054391,-0.17045,0.95361,1.1368,-1.6007,-0.21121,-0.56655,-0.26159
1.1079,0.28033,0.55919,0.55237,-0.70282,1.5291,1.0823,0.59113
-1.1026,0.6032,1.5206,-0.88381,0.44656,1.7262,-0.491,-1.496
1.5578,1.5052,0.40931,-1.1321,0.75505,1.0192,0.87761,-1.5422
-0.0090183,0.41586,-0.58942,0.65986,1.2844,1.1592,-0.19757,0.27792
0.057296,-1.0988,-0.8323,0.16777,1.0694,1.1724,-0.69833,-0.050264
0.71207,1.4325,-1.4231,1.6946,-1.2745,0.86887,-0.0336,0.86642
-1.1593,-0.68669,-0.36846,0.060445,-0.42955,-1.6375,0.15863,-0.43097
0.41586,-0.28894,1.432,-0.30566,0.28045,-0.80095,0.10968,1.6283
0.76139,-1.6983,0.38066,1.6673,-0.32659,-0.78971,-1.5518,-1.0145
-0.64983,-1.3963,1.0593,0.45504,-1.0805,-0.56073,-1.2383,-0.94929
-1.4841,-1.0564,1.5941,0.57096,-1.5004,-0.12623,0.63997,0.5346
0.99469,0.95727,0.50217,-1.1871,1.0182,-1.4454,-0.36203,1.0706
0.62199,0.32442,0.049957,-0.91407,0.31558,0.18854,-0.069316,0.5513
1.6844,0.98057,-1.7245,-1.3797,1.3303,-1.2442,-0.57341,-0.37728
-0.81214,0.27711,-1.1854,0.0071381,-1.5231,0.50348,1.6634,0.39278
1.0751,-1.2821,-1.5067,-1.3935,0.93886,1.6844,0.57152,-0.67646
0.30875,1.4483,-0.32601,-0.56818,-0.47478,-0.21739,1.0895,0.051781
-1.191,0.50145,-0.26133,-1.7311,-0.90749,0.00048172,1.5708,-1.5011
-0.61147,-0.13724,0.48005,0.46256,-0.91495,-1.331,1.0607,-1.1753
-1.6636,-0.55584,-0.83663,1.2944,0.78151,-0.71168,1.3874,-1.5735
-0.66133,-1.095,1.109,-1.2785,-0.16517,-0.12822,0.40741,-0.53356
1.1135,-1.2535,1.408,-0.54463,-0.59229,1.5978,-1.6265,0.46882
-0.70251,0.44755,-0.3125,0.43832,1.1605,1.5228,1.0035,0.93039
0.26123,-0.27706,-1.1133,0.98407,-0.23993,0.12819,-1.3198,-0.9961
0.79755,1.5413,1.2392,0.96125,0.79388,-0.94665,-1.6965,0.44513
1.1027,-0.45977,-1.7045,1.0305,-0.70461,0.21881,-0.94105,1.3839
0.4944,-0.40293,-0.57374,-0.11385,-1.054,0.49442,0.0082703,0.68174
0.18012,0.73926,-1.2645,-1.2004,0.29032,-1.0455,-0.66143,-0.87617
0.14246,1.4782,1.2184,1.1206,0.65758,0.12751,-0.6203,-1.5022
-0.42448,-1.687,-1.6688,-0.32518,1.6104,-0.26884,1.3311,0.84798
1.6861,0.40805,1.7004,-0.53295,-0.4954,-0.43078,-1.5364,1.6676
-0.96607,1.5163,-1.5308,-0.2993,0.43334,-0.61699,-0.76387,1.6568
-1.3279,-0.32646,-0.49496,-1.554,-0.3663,-0.15746,-0.48911,0.040267
-1.0064,1.1834,-0.35127,0.6728,1.5812,0.0014745,-0.53104,1.5619
-0.3834,0.72211,-0.19781,-0.46891,-1.5826,-0.68626,-0.91339,1.6349
-0.46453,1.0394,-0.16526,-1.4064,0.18964,-1.5834,0.24086,1.1121
0.96462,0.68717,-1.5488,0.96451,0.90686,-0.048191,0.54674,1.1033
-1.0734,-0.36391,-0.46331,-0.66681,0.75055,0.4397,-0.92946,-0.91506
-1.4188,1.0053,-1.3307,-0.49734,0.79453,-0.12053,0.17568,0.50581
-0.82398,1.7069,0.79947,1.0419,-0.22779,0.81854,-0.071463,1.6277
-1.7181,-0.49276,0.94448,0.10229,1.1532,1.2666,0.06086,-1.6288
0.2225,-0.38709,-0.95943,0.72057,0.62049,1.1669,0.5466,1.4396
1.3237,-1.1951,0.85899,0.18339,-1.1959,0.079491,0.3813,0.48181
-0.01265,-1.6524,1.2844,-0.15264,1.1258,1.6839,-1.0143,0.39999
1.0566,0.42499,0.32749,1.747,-1.7196,0.73648,-0.332,-0.59255
-0.21169,-1.0532,-0.4536,0.55571,0.89515,0.74976,-0.0046179,-1.6619
0.92999,-0.56857,0.24132,-0.075016,0.42796,0.77782,1.6349,1.6413
1.0962,-0.074623,1.3467,0.22338,0.10007,-1.3102,-0.96961,-0.052285
-0.99234,-0.79853,-1.5303,1.5351,1.2651,-0.71737,-0.53305,-0.66181
1.3901,1.1547,-1.4565,-1.2707,0.82962,0.20489,0.90945,-1.1324
1.7044,0.90368,0.42574,0.35211,0.59887,0.51272,0.41123,0.29099
1.5043,0.099576,1.3891,-1.7233,-1.201,1.6985,-0.01691,1.034
-0.43568,-0.39454,-0.84795,1.1521,0.49108,-0.15036,0.84904,-1.6495
-0.036278,0.56176,-1.2162,-0.31849,-1.3907,-0.55572,1.3231,0.59362
-1.7154,-1.2253,0.82094,-0.79152,-0.4173,-0.10431,-0.32484,-0.24678
-1.6366,-0.14273,1.4164,-0.99152,1.1528,-0.13632,-0.72175,-0.0080427
0.73281,-0.048164,-1.5683,0.85975,-0.486,-0.18189,-1.7191,0.68713
0.84701,-0.38385,-1.2671,-0.37021,0.35147,1.4211,0.95118,1.4197
0.4194,-1.7232,-1.2795,-0.1523,1.2484,1.3733,0.46924,0.051781
0.36748,1.0149,1.4417,-1.6311,-0.38197,-0.12867,1.36,-0.81786
-1.566,-0.59998,0.0058911,0.86444,-0.36984,0.0527,0.62757,-1.179
-0.49214,-0.54014,-0.87824,-0.13291,-0.3552,-0.15968,-0.64886,0.46661
-1.4533,1.4186,-1.6796,1.3397,-1.4644,-1.5701,-1.1125,0.71381
0.59077,-0.94573,-0.14268,-0.18234,-0.54916,0.34278,0.66572,-0.048876
-1.545,1.7339,1.7037,1.0466,-1.0685,-0.91913,0.6015,-0.63551
0.70019,0.73588,0.48395,-0.071765,0.087162,1.1061,1.5655,0.73531
-1.1386,-1.7194,-0.1868,1.0297,-0.77326,-1.2768,1.5294,0.68263
1.6162,-0.1588,-0.86669,-0.44927,0.63921,-0.6495,-1.4396,0.2349
1.7001,0.018003,-1.6462,-0.68229,0.15206,-1.0046,0.70325,-1.0339
0.11944,0.15452,1.2199,-0.37626,0.64722,-1.134,-1.368,0.45277
-0.44588,-0.1947,-1.4735,-1.1758,-0.33215,-0.88868,-1.3269,-0.032498
1.2489,0.079681,1.2869,-0.21142,1.3592,-0.5019,1.4798,1.2115
1.0427,-1.2506,-0.55205,0.46411,-0.10358,1.6679,-0.72342,0.98404
0.82124,-1.2979,1.143,1.3672,-0.95323,1.4612,-1.5772,-1.1085
-1.5215,-0.98166,0.63052,-0.60031,1.6208,1.0072,0.29666,-0.33275
1.6273,-0.90514,-1.6556,0.26354,1.3382,0.90691,-0.85725,0.040864
1.5543,-0.11589,-1.6036,-1.7027,-0.58036,0.066796,-0.69238,-1.2162
-0.66335,0.37459,0.3596,1.0793,-1.0164,-0.59991,1.4189,-1.4334
-0.68263,-0.42178,-0.57702,-0.91609,0.16342,0.48169,-0.92239,0.73048
0.83167,-0.75764,0.30407,0.96356,1.2117,0.92149,-0.89381,-1.0473
1.5108,-1.3554,-0.075121,-1.1445,-0.29412,-1.6928,0.040465,0.53498
0.12567,0.69709,-1.6942,-0.64205,-1.6678,0.5277,0.85838,1.1783
-0.52399,-0.14532,1.6283,-0.13732,1.4241,-0.57076,-1.3007,1.7034
-1.1747,-1.1747,0.97236,0.04815,1.6202,-1.4879,1.2646,-1.3541
-0.3508,1.3584,0.64767,0.66391,0.77475,-1.4595,1.2396,-1.4574
-1.5988,-0.28857,0.04191,0.61056,0.43566,-0.65156,-1.6857,-0.71137
0.63776,-1.3571,-1.3925,0.63208,0.35607,1.0275,0.84383,-1.6797
0.44273,0.31173,-0.46454,-0.87009,-0.43666,1.1579,1.3503,0.79634
-0.9807,0.50203,0.83374,-0.0033927,-1.1585,0.1462,0.054125,0.40271
0.77836,1.4684,0.72365,1.1862,1.2215,-1.2413,0.11271,-0.18652
-0.41666,1.7203,-0.2141,-1.0336,1.0166,-0.4531,-0.72822,0.69289
-0.80113,1.7058,-0.63947,-1.0959,-1.2027,1.7117,0.11988,-0.099164
1.4686,-0.28331,-0.90497,-0.10965,-0.45752,0.080931,1.3799,0.33384
-1.1106,0.5432,-0.79229,-1.3836,-1.3609,1.6503,-0.3972,1.0962
1.7072,0.75444,-0.99407,0.69422,-1.6148,-0.76093,-1.555,1.5302
-1.5209,-0.47386,-0.11795,1.5569,0.83431,0.42406,0.22802,-0.99623
0.17466,1.6858,-0.16279,1.712,-1.0105,1.3367,1.2949,-0.67638
-0.64063,-0.36046,0.33926,-1.0583,1.492,-0.20388,0.97166,0.68124
-0.20194,1.0465,-0.40607,-0.39013,-0.89522,-0.86488,-1.5911,1.5687
1.6014,0.9117,0.29693,0.080647,-0.27452,-1.3935,1.617,-0.20326
1.0565,1.0579,-0.64772,-1.039,1.0462,-1.1155,1.5365,0.88979
-1.2783,-0.31382,-1.4972,-0.42929,-0.34755,0.26151,-0.26553,0.86335
-0.16982,0.13026,1.4912,0.44209,-1.1567,1.1042,0.96589,0.83681
-0.11351,-1.6113,0.44745,1.4093,1.0111,0.16672,-0.61884,-0.0075702
-0.50446,-0.98919,1.0723,1.5376,0.003056,0.30894,-1.0607,-0.059965
-0.071658,-1.4461,0.50803,1.3425,0.03685,-1.6494,-1.5771,-0.39893
-1.416,-0.24541,-1.177,-0.19503,-1.1311,-1.1422,0.75474,-1.6238
0.84474,1.3703,-1.6393,-1.5502,1.5257,0.57478,-0.16039,0.47297
0.75752,-0.61297,0.27061,1.6609,0.21384,0.16848,-0.62065,-0.0033785
0.25947,0.20974,-0.066387,1.731,-1.2371,0.83251,1.0582,0.64157
0.25935,-0.56036,0.042935,-0.14781,0.64525,-1.6855,0.58749,-1.5634
-0.69946,-0.34317,0.083927,0.53846,0.70328,-0.96808,0.46639,0.42446
-1.7221,-1.1725,0.25714,1.5856,0.81452,0.50726,0.18589,0.17679
1.6846,-0.43206,0.22415,-0.11801,1.1416,0.46964,0.65503,1.6849
-0.28013,-1.592,1.304,0.27099,0.22475,-0.0743,0.94751,-1.1371
0.81911,-1.2791,0.59623,0.81631,0.64651,-1.3642,-1.2057,-0.4199
1.4486,0.13717,-1.646,0.30226,0.33532,-1.4048,-1.2848,-0.10265
0.52489,0.97125,0.67593,-0.34647,-1.2783,1.1148,-0.68726,0.0039465
-0.21453,-1.7039,0.63322,0.22832,1.3932,-1.3365,0.46988,-1.0655
1.4466,0.82122,0.62129,0.92831,1.2167,0.95522,0.33903,-0.15182
0.31746,0.38995,0.74729,-0.046666,-0.71387,1.2316,1.1902,-0.62425
0.43977,0.31982,0.39278,1.1545,0.64098,-0.95242,1.4792,1.292
0.053514,-1.5373,-1.3379,0.92607,1.0119,-1.0613,-0.96393,-0.70546
1.4277,1.5023,-0.56854,-0.38884,-0.62996,-0.45243,0.42875,0.39533
1.3157,1.5954,0.51224,0.7675,-0.51078,-1.0584,-1.2691,-0.25936
1.4946,-1.6348,1.0612,1.0114,-0.70987,0.97584,-1.4804,-0.92345
0.081445,0.02795,1.2993,1.4647,-0.50825,-0.43185,0.97458,1.0722
0.98892,0.73962,-1.5689,-1.4568,-1.02,0.57099,-0.93687,-1.1824
0.66353,-0.20192,1.1779,-0.37668,1.2429,-1.0775,0.19462,-1.2895
-0.1951,-1.2963,0.44143,0.11774,-0.70972,0.55827,1.6765,0.7979
-0.92505,0.10202,1.1226,1.0088,0.36358,0.51767,1.5068,0.82811
1.5403,1.2556,1.2412,-1.0611,-0.97336,-0.22039,1.3595,-0.23727
-0.23272,-0.077603,-0.62116,-1.3769,0.75412,1.5152,-0.91999,0.20851
1.544,0.13461,-1.4087,0.082178,-0.30511,-0.90132,1.6189,1.0511
1.601,-0.74611,-0.12072,-0.47534,1.5075,-1.7083,-1.5031,1.2741
-0.97988,-0.044385,-1.6729,0.87383,-1.5717,-1.3858,0.47531,0.40716
-0.84344,-1.3992,1.6185,0.98682,0.6885,0.35901,-1.6643,0.15417
1.607,-0.584,0.36422,1.6003,-0.52507,0.59013,0.54084,-0.47351
-1.7289,-0.89599,0.34073,0.57558,-0.90529,1.0831,0.42522,0.78233
-0.46458,-0.45252,-0.55501,-0.79323,1.1363,-0.29721,-0.10902,1.1866
-0.39626,-1.2999,-0.32765,-0.086479,-1.4202,0.27459,-0.48799,-0.44036
-0.30025,-0.55506,-0.57904,-0.092917,-0.87804,-0.26748,1.1384,1.5723
1.1551,0.92804,-1.1716,-1.2033,1.2985,1.7025,0.84399,1.16
0.68205,-0.4664,-1.1177,-1.1071,-1.1237,-0.42471,0.053986,-0.8687
-0.15546,-0.75987,1.6078,-1.2773,-0.67081,0.9375,0.91377,-0.15152
-0.30956,0.96539,1.1983,1.3177,-0.89192,-1.0707,-0.64381,-1.6797
-1.405,-0.58386,-1.5131,0.45541,0.56115,0.80452,1.4964,-0.64259
-0.54524,0.67708,1.3332,-1.6773,1.4971,1.2536,1.0212,-1.0121
0.64995,0.60186,1.5833,-0.50315,0.83899,-0.1563,1.2007,-0.56164
-1.0624,0.056405,1.516,0.48058,-0.91621,-0.44793,0.65169,-0.9163
1.282,-0.11224,0.14726,0.58581,1.0609,0.37744,-1.6856,0.0078387
0.80524,1.5597,-0.82381,0.86842,-0.80259,0.21005,-0.037167,0.2999
-0.20031,0.26191,1.0708,1.7375,0.94667,1.2405,0.88221,-0.0036776
1.1357,-1.0035,-1.5469,1.6435,-0.9646,1.3296,1.4879,0.47155
1.31,0.13771,0.79409,1.1757,-0.48187,-1.2828,-1.7007,-1.3773
-0.10903,1.4363,-1.0484,0.57977,-0.31859,0.10618,1.6015,0.23239
-0.087113,1.0141,-0.87293,-0.24711,1.5996,-1.1428,0.883,0.35417
-1.4521,1.1767,-1.0993,-1.312,-0.54125,-0.88625,-1.5236,-0.77684
1.0194,0.019021,1.6214,-0.66743,0.64087,1.2455,1.5659,0.7259
-1.4862,0.44755,-0.33512,-0.42535,0.92245,-0.82126,1.6979,0.055727
1.2565,1.5446,-0.79962,0.056104,0.32433,0.16156,-1.0402,-0.4122
-1.1055,1.109,-0.50909,-0.0070703,1.6286,0.74505,0.41467,0.17229
1.6331,-0.49073,-0.40109,0.8903,-1.0188,1.6881,1.3942,-0.8047
-0.59783,-0.44642,-0.87018,0.56371,0.88834,-1.1744,-1.1052,0.44884
0.082413,0.44875,0.60539,-0.36688,0.047982,-1.5459,-0.53656,0.016254
0.58485,0.13448,0.023239,-0.12383,-1.3452,-1.292,-0.5175,1.1325
0.78982,-0.32361,-0.30861,0.18463,-1.3466,-1.0183,1.1702,0.54589
1.0716,0.25708,1.1994,-0.81073,-0.69166,1.6612,-0.69984,0.5273
-0.6251,-1.6744,-1.609,1.0142,0.77702,-1.6762,1.252,1.2491
1.5118,0.7699,0.64053,-0.81859,-0.75194,0.64153,1.2273,-0.93074
-0.24459,1.0369,0.9973,-1.0684,1.136,0.26126,0.53652,-0.7427
1.0249,-1.6018,-1.0949,-1.3207,0.61941,-0.27943,-0.80629,1.6381
-0.97995,-1.2046,-1.5295,0.20294,1.4856,-1.6751,-0.59978,1.0043
-0.08299,0.71661,-0.77577,0.80928,-1.435,0.37031,0.34352,-0.93891
-1.3023,-1.5916,1.0811,0.47419,0.77405,1.0456,0.82425,1.0836
-1.5126,0.73886,-0.83706,-0.6413,-1.4703,-1.3484,1.5556,1.0368
1.168,-0.17863,0.096253,0.59751,0.27241,1.5066,0.88652,0.31956
-0.39192,-0.61064,1.0706,1.1459,0.47398,0.18884,-0.16579,-0.12525
0.99379,-0.9726,0.65488,-0.30013,-0.030793,-1.4414,-1.4869,-0.21729
-1.3585,0.44745,1.2631,1.0934,1.0132,0.14511,-0.87363,-0.33745
-1.4598,-0.67822,1.5834,-0.36867,1.2882,-1.369,0.43224,0.33763
-1.0004,1.3117,-1.6199,-0.84512,-0.52053,-0.19447,1.4166,-0.14346
-0.46101,-1.5787,0.6565,-0.78739,1.2935,0.35019,-0.53954,-1.1785
0.032026,-1.3594,0.90148,0.20377,-1.0915,-0.47819,1.1911,-0.51111
1.2632,0.24433,0.36034,-1.5495,-0.77699,-1.3748,-0.89111,-1.4086
-0.57784,-1.671,-1.5941,-0.3417,-1.3727,1.5749,1.4887,-0.95902
-1.2877,-0.692,0.32748,1.2846,0.06144,1.2993,1.5687,-1.4673
0.50434,-1.0372,0.39093,-0.99278,-0.84614,-0.40672,0.77018,-1.608
1.3926,1.3362,0.68478,-0.89885,-1.598,0.18003,-0.63505,0.18995
0.21687,0.56584,0.30757,1.3908,-0.18639,1.6038,-0.49037,-0.56362
-0.19343,-0.0062882,1.4176,1.2745,-1.384,-1.4002,-0.72018,1.3906
-1.1409,-0.065422,0.56301,-0.30395,1.0582,0.083193,-0.27123,0.93609
-1.3103,1.3638,-1.1801,0.56529,-1.3056,-0.68293,-1.4349,1.0189
-0.22229,-0.6676,-0.35197,0.18451,-0.027668,-1.6236,1.0176,-1.6036
-0.3402,-1.2898,-1.2017,0.21307,1.2154,-0.55441,-1.4957,1.7248
-0.42451,0.051302,-0.5108,1.4143,0.27027,0.36967,-1.7089,1.3445
-0.3028,1.3195,0.75535,-0.71528,-1.0985,-0.85877,1.6557,0.66848
1.0037,0.12598,-0.15715,0.90804,-1.4913,-0.97977,-0.50542,1.5889
-1.441,1.6941,-0.87462,0.628,-1.4641,-1.0773,-0.24762,0.30119
0.9976,-0.63397,-0.86205,-1.6615,1.2917,0.45104,-1.0982,-0.57738
0.86466,-1.4226,1.3849,0.39546,0.82715,1.2661,1.3292,-1.6646
-1.4065,-0.87532,-0.4838,1.3801,0.34701,0.84461,-0.059677,-0.54372
-0.14969,1.1742,-1.0109,1.0839,-1.6958,0.77618,-0.22173,1.4008
0.78743,-0.5088,1.1619,-1.6284,-1.4218,0.59669,-1.0166,1.3625
-1.679,0.29784,1.0086,-1.5517,1.3817,0.52218,0.53416,1.435
1.1345,0.20832,0.71624,-0.60902,0.33938,1.4963,0.68501,1.3121
1.6851,-0.11408,-0.11989,-0.48863,-1.0615,-0.70772,-0.85035,-1.0913
0.71534,0.23487,0.85342,-1.4939,-1.4799,-0.59499,-1.1704,0.10311
-0.36828,0.18263,1.7022,0.43688,0.35683,0.59525,-1.2023,1.3176
-0.99631,-0.096388,-1.2771,-1.4399,0.43506,-1.4193,0.56983,-1.5856
-0.040417,1.5528,-1.1158,-0.30263,-0.23033,-0.3474,0.7668,-1.4313
0.86065,-1.0239,0.49346,-0.88236,0.59013,0.53993,-0.2634,0.29464
-0.82305,0.027282,0.77348,1.5472,1.6729,1.4546,-0.46283,1.0898
1.247,-1.0214,-1.1232,-0.9862,1.6271,-0.6266,-0.57673,-1.0233
-0.4122,1.6573,-0.092749,1.5029,1.1124,-1.2394,1.425,-1.1653
-0.92004,0.078984,-1.1455,-1.5131,0.097601,0.72532,-0.69035,-0.92089
1.2653,-0.038606,-1.6117,-0.032911,-1.2801,-0.72939,0.72769,1.7115
-1.0952,-0.32609,0.83964,1.5754,0.85189,0.9477,1.6693,0.99191
0.24948,-1.2648,0.2986,0.43375,0.77474,1.0187,0.76426,-0.59898
0.17392,1.4173,0.50232,1.5544,1.1374,0.56494,-0.65733,0.25785
-0.59901,1.4444,0.074354,0.1255,0.42544,1.1001,0.32007,0.84902
1.0686,-1.6724,-0.75841,0.79777,0.62391,-1.35,1.1867,0.85179
-1.4226,-0.56445,1.6905,1.1132,0.60216,1.5858,-0.0041093,-0.89618
-1.4945,1.3069,0.89728,-1.0115,-1.3225,-0.57749,-0.65189,0.88179
0.22616,-1.6351,1.1906,-0.52895,0.41094,-1.0526,0.090207,-1.2451
-0.61513,1.034,1.5626,0.90262,-0.3168,-1.3001,-0.089647,-0.70221
-1.4212,-1.2615,-1.6937,-1.1746,-1.5427,0.7029,-0.29814,1.3757
0.86755,1.3715,-0.03477,1.5851,-1.3816,0.99444,-0.23322,1.3676
-0.25267,-0.19829,0.63538,0.4375,-1.396,-1.2141,-0.89018,0.92393
-0.36617,-0.064733,-0.77875,1.2688,1.1212,1.4629,-1.5461,1.0423
1.5098,0.38859,0.64872,0.64228,-1.3543,1.5323,0.29657,0.12352
0.5055,-0.37394,-1.4553,-1.3979,1.0536,-0.97378,1.3853,-1.0582
1.6918,1.3905,-0.71548,1.4483,-1.4434,0.32289,0.42804,0.4277
-0.065712,-0.64242,1.1818,0.68426,0.10724,0.29044,1.4186,-1.3499
1.5232,-0.87425,-1.3259,-0.40856,-1.4776,1.3313,-0.43977,1.5312
-0.91988,-0.44173,0.49654,0.8769,1.66,-1.7082,1.571,0.673
-1.0242,0.0091345,-1.5118,-1.4088,1.0696,1.5574,0.69671,-0.73791
-1.3379,1.6317,-0.70082,0.32726,-0.92537,-0.0032594,1.2243,-0.70865
0.47301,0.38624,0.67847,0.2922,-1.1118,-0.24119,1.6478,1.4644
-0.5115,-1.5442,0.67746,1.6696,0.59773,1.6345,-1.4709,-1.0925
-0.72267,-0.98255,1.179,-0.52746,-1.5362,-1.1344,0.83237,0.23671
-0.6059,1.5103,0.18424,1.0628,-0.21144,-1.2866,-0.8903,1.5854
0.82216,0.66898,1.7145,-1.0261,-1.0238,0.077033,-0.93037,0.057829
-1.5764,-0.33483,-0.85778,1.4236,-0.095631,1.6523,0.55725,-0.68936
1.3024,0.1645,1.0937,1.7487,-1.0928,-0.38291,-1.6177,0.4946
1.6026,-0.21555,-0.70331,1.5983,0.28823,1.2948,-0.56965,-0.75845
