0.23964,0.63812,0.72282,1.6343,-0.86267,0.30168,-1.4411,-0.15111
-0.50596,-1.043,-1.431,0.78257,0.54489,-1.0975,-0.73422,-1.2271
-0.47866,0.1941,0.63574,-1.5503,0.4183,-1.0458,-0.23883,1.6872
0.46598,-1.2361,-0.62598,-0.96672,0.15872,-1.0669,-0.20043,0.32116
-1.1403,-1.3245,1.4996,0.63358,1.6585,0.054739,0.9129,0.95304
-0.52409,1.1312,1.6691,-1.3915,1.3681,-1.5088,-0.26342,1.4066
-0.1407,1.0426,1.6183,-1.4875,1.7232,-0.37416,-1.0411,-0.29057
-0.81481,0.68867,-1.6089,-1.0026,-1.1177,0.9114,1.1471,-0.35765
-1.7204,1.5855,1.1821,0.2213,-0.87136,-0.14126,0.71541,1.5993
1.4943,1.7456,0.35728,1.2853,-0.89947,-1.5291,0.99035,1.3353
1.2227,-1.6904,-0.13262,0.6887,1.6815,-1.2645,1.0984,0.95774
0.73798,-0.76931,0.51373,-1.2768,-1.6376,1.4176,1.5674,1.106
-1.7389,0.13635,-1.4837,-0.29351,-0.12416,0.72401,0.60341,-0.081954
-0.059824,0.88436,-0.81295,0.68976,-1.3799,0.74953,1.3822,1.0605
1.4059,-0.70984,-1.4637,-0.41425,1.3455,-0.31489,-0.48697,-1.3902
-0.32135,0.24745,0.16778,-0.025267,-0.63078,1.0917,-1.3886,0.91808
1.4618,-1.0143,1.5095,0.72134,-0.35186,0.17572,-1.4004,-0.32227
-0.84796,-1.1177,-0.61861,0.42695,1.0808,0.56003,-0.42332,-0.51481
1.3642,-0.63404,0.31938,-0.10528,-1.0757,0.99855,1.6492,1.2745
0.89691,-0.7586,-1.0725,-1.1716,0.81334,-1.316,-0.49036,0.56102
-0.55352,-1.0234,-1.2932,-0.10523,0.73883,1.4858,1.4592,0.26309
0.57684,0.37135,0.74205,-0.63084,-1.6721,0.79917,-0.43888,0.37448
-1.7362,-1.4173,-0.82805,-0.74634,-1.4272,-0.68958,-0.12445,-0.91402
1.2394,1.3567,-0.34021,-1.3401,-0.65049,1.2469,-0.14375,0.94741
-0.18049,-1.3821,0.88348,-1.0396,-1.2169,-1.5554,1.4349,-1.5101
-1.575,-0.94267,-0.20055,-0.049448,-0.59153,-1.3667,0.69481,0.49515
-1.1924,-0.14983,-1.7285,-0.41908,1.0987,-0.71009,1.6497,-0.76317
0.92135,0.89362,-1.73,-1.6193,-0.56833,0.40307,0.43309,0.90859
0.61975,-1.0535,-0.90128,-0.31052,1.6172,1.3297,0.39768,0.70958
1.6903,0.081113,-1.2272,-1.5233,0.027696,-0.91513,1.2088,-1.1119
-0.14245,0.32032,0.46707,-1.327,0.22128,-1.2135,1.1586,-1.5849
-0.39488,-1.0021,-1.1917,0.24046,-0.71219,1.7291,1.5281,0.72492
-1.5024,-1.1345,-1.4206,0.78844,-1.612,1.1549,-0.89671,1.2741
0.63431,1.6801,-0.51927,-0.67608,-1.5593,0.79244,-1.5425,-1.6422
-1.1921,0.99557,0.62963,-1.5013,-1.1819,0.9237,0.54044,-0.68699
1.2545,-0.64884,-0.47982,-0.6693,0.33847,1.1125,-1.5583,0.54007
0.89778,0.61838,1.1997,0.90095,0.39057,1.2096,1.4071,0.45452
1.5274,-0.71408,1.5029,1.6453,1.5772,1.3765,-0.71859,0.34452
-0.21836,-0.58469,-0.2981,-0.1619,-1.3552,1.6302,-1.0137,1.0035
-0.84346,0.48236,-1.6775,1.1002,1.6062,-1.2125,-1.0262,-0.18845
-0.43031,1.6628,-0.55778,-0.096037,-0.36706,-0.89785,-0.98658,0.98186
-1.359,1.319,-0.6534,-0.31654,0.15699,-0.13289,0.39689,-1.7135
-1.2747,0.52471,-0.8053,-1.7114,1.7145,-0.43306,-1.6148,1.6272
-0.43162,-0.92634,-0.82229,-1.6953,-0.91775,-1.5512,-1.205,-0.6558
-0.023027,1.7156,-1.2914,1.5952,1.2896,-0.58316,1.0677,-0.92009
-1.4739,-1.3216,-0.81102,0.46398,0.70151,-1.2263,-0.061756,-1.0509
-1.5846,0.056888,0.16896,1.1617,-1.0192,-0.16439,-0.37023,0.11242
0.55096,1.4854,0.25617,0.48003,-1.279,1.1533,-0.6638,-1.3663
-1.2385,1.3383,0.88336,-0.039982,-0.23218,-1.6917,-1.5096,-1.3251
0.31672,0.95371,1.353,1.1861,-1.4287,1.5224,-1.6009,0.99268
1.6084,-0.70294,1.0278,-1.1069,-0.75515,-0.73146,-0.95114,-1.0494
1.2478,-0.66641,1.6129,0.66206,-0.8138,0.24224,0.72283,-0.45812
-0.3724,0.16454,1.2463,-1.3828,-1.1073,1.6229,-0.83481,0.11712
-0.65346,-0.86272,-0.0045778,-0.91302,-0.17386,-1.4593,-1.5838,1.6297
0.80278,-0.39003,-1.6001,-0.38504,-1.4234,-1.5339,-1.2354,0.95136
0.94524,-1.5293,-0.42055,-1.713,-1.118,1.4248,0.65703,0.63289
0.65653,-0.27931,0.24894,1.6688,1.4172,0.32157,-0.16798,1.2346
-0.92128,-1.3926,-0.062731,0.37978,0.53265,-0.0026388,-1.4341,-1.635
-1.1919,0.14147,1.4261,-1.0201,0.64196,-1.5881,-0.37851,1.3704
-1.5981,-0.28831,0.12657,0.74194,-0.26191,-1.3622,1.1667,-0.41668
1.452,1.636,0.7907,-1.4554,0.39239,0.50216,-0.95901,0.84142
0.069492,1.4536,-0.5942,-0.014629,0.83693,-1.5854,1.1968,-0.89846
1.4744,-0.31591,-1.6546,1.3138,-1.2277,0.57954,-1.1736,1.0103
0.20147,-0.1123,1.3192,0.81943,0.52323,1.041,-1.2673,-0.91393
0.94752,-0.52972,-0.21343,1.3148,0.26171,0.61703,0.60547,1.4115
-0.47647,-0.072581,-1.7316,1.4471,1.4928,-1.4968,0.35265,-0.47925
1.6578,0.90114,1.5723,-0.57871,-0.88197,1.0018,0.83205,1.3599
0.048889,-0.27148,0.61322,0.1853,-0.24397,0.87763,-1.2137,1.4063
1.5088,0.037486,-0.16677,-0.079835,-0.6505,-1.3989,0.38764,-1.4764
-1.1717,0.89988,-0.29842,-0.47713,0.29651,0.48117,0.99733,1.0634
0.91734,-1.1384,-1.2537,-0.097818,-0.49439,1.4,-1.2834,-0.79721
1.3015,-0.44809,-0.33665,0.3462,-0.22172,0.22911,-0.060888,-1.3063
0.96817,0.8477,-1.2156,0.46886,-1.738,1.7183,-1.326,1.6552
0.34655,1.2767,0.12093,-0.08953,1.0091,0.69566,1.3074,0.13877
-1.3321,1.6877,0.031514,-1.4862,-0.18252,-0.78726,0.22475,-0.63423
-0.68415,-0.80458,-1.319,-0.058729,0.44515,-1.2804,-0.76113,1.4954
-0.637,1.6347,-0.080318,-0.61844,1.1692,-1.3692,-1.019,1.5685
1.3169,-0.012003,-0.42251,-0.92399,-1.1657,-0.92426,-0.72814,-1.1585
-0.38688,1.4618,-0.40719,-0.31791,-1.2373,1.6551,0.6292,-0.85267
-1.5596,1.09,1.2373,-1.2652,-0.68344,-0.97197,-0.27404,-0.1075
0.33902,1.5921,-0.68468,1.4971,-0.010979,-1.552,0.05693,1.2238
-0.12509,1.3927,-1.1824,-1.6534,-1.1766,0.1604,0.56874,0.86106
-0.57167,-1.2317,-1.4439,0.36133,-1.7356,-1.4886,1.0894,-1.321
0.039751,-1.4855,-0.34387,0.10346,1.3155,-0.70871,-0.96365,-1.3651
1.5746,0.074651,-0.57828,1.5004,1.1442,-1.4603,-0.061904,1.5456
-1.0982,1.1839,0.82448,0.695,1.0934,-1.2841,-1.1437,-0.091847
1.6513,0.32805,-0.65242,1.4436,-0.70665,-0.13519,1.5587,0.60144
1.0982,-1.4074,0.4422,0.93972,-1.5395,-1.3915,-0.07136,0.64126
0.41533,0.42681,-0.72971,0.38884,-1.5132,-0.93845,1.3882,-0.17674
-1.4838,-0.83979,1.7012,0.87113,-1.0397,0.45706,0.45452,-0.69228
-1.3508,-1.198,-0.51726,-0.22066,-1.3612,0.67328,-0.67387,-0.91489
-1.7284,-0.35965,0.45578,-0.82868,0.73771,-0.19362,1.3717,1.3132
-0.81602,1.4841,1.433,-0.75257,-0.43314,0.28438,-0.33682,-1.4251
1.1207,1.4375,1.7182,0.79709,-0.97494,1.0944,0.59317,-0.99345
1.4937,1.2627,-1.6132,0.66094,0.80179,-0.54909,-0.88514,-0.50639
-0.56971,1.1273,1.6276,-0.33639,-0.71667,-1.2315,-0.6599,0.91069
-0.54373,-0.12014,-1.3194,0.8944,0.69376,-0.08884,0.40406,-0.53715
-0.33596,-1.1092,1.2716,-0.23946,-1.617,-1.6992,1.2455,0.98011
-1.1617,-0.8743,-0.45874,-0.55585,1.0324,-1.4133,-0.69148,-1.2874
-0.50639,-0.22639,0.76259,-1.2709,-1.2686,0.52367,-0.019191,-1.099
-0.98971,1.6189,-1.5085,0.5241,-1.714,-1.6404,-0.52137,-0.66739
0.94522,-1.2874,0.3156,1.0958,-1.0961,0.67264,0.21652,-1.3647
-0.8537,0.068734,0.95414,-1.6087,0.88216,-1.1303,-0.53774,0.41889
-0.96134,0.29918,1.044,-1.1338,-1.0992,-0.041341,1.466,-1.023
0.96538,0.74672,-0.61146,-1.6955,1.5268,0.4911,-0.10737,1.3582
1.0599,-1.2219,1.2156,-0.90172,-1.566,1.6298,1.3032,1.6376
0.27473,1.4127,-0.84682,-1.5852,-0.49,-0.0067839,-1.3107,0.08497
1.0083,-0.39779,-0.30276,1.1115,1.529,-0.06104,0.75882,-1.0934
1.0561,0.78847,-0.17845,1.7338,0.35477,-0.37771,0.62638,-1.4694
-0.058974,-0.98881,-0.31039,0.71991,0.065511,-1.0586,-0.72384,0.54885
-0.65602,-1.3951,-0.52078,1.6496,-0.32231,-1.6499,-0.71947,-1.0022
0.66207,0.44532,0.8006,1.3692,-1.3132,0.087794,-0.68521,0.026039
-1.506,-0.63685,0.037049,0.58589,-1.6987,-0.87203,-0.26208,-0.94176
-0.45911,-0.37849,1.6167,0.5162,-0.48148,-1.2845,1.5739,1.4569
-1.5918,-0.39915,-0.36464,-0.21761,0.83348,-1.1886,-0.057064,-0.19687
1.4609,-0.22529,-0.58419,0.23764,0.23404,-0.081727,-0.96353,-0.13528
0.060168,-0.74156,1.1668,0.41847,1.6701,-0.61675,-1.3259,-0.21709
-1.1399,1.5718,-0.57656,-1.1591,0.48533,-0.31727,0.39035,-0.047359
-0.56269,1.0102,0.53337,0.041829,-1.6032,-0.11159,-0.79958,-1.4091
0.64186,1.143,1.5979,-1.6288,0.06994,0.92185,-1.6333,1.4536
0.76361,-0.34941,0.69495,1.5464,-1.7026,-0.067989,-0.26258,-0.30317
1.321,0.82335,-0.051962,-1.0208,0.49082,-1.6974,-0.90132,0.77631
-1.0417,0.73891,-1.6581,1.3898,1.5429,-0.25353,1.2486,-1.1027
0.07672,-0.26801,1.452,0.36273,0.88519,-1.4199,-1.5282,-1.1716
0.094145,-1.3159,-1.2341,-1.5188,0.80831,-1.4131,1.5957,0.86088
-1.7431,-1.1829,0.55931,-0.38312,0.8344,-0.54319,1.3817,1.2011
0.11044,0.78006,0.79811,-0.91168,1.363,0.87132,1.0227,-0.53001
1.5441,1.6001,0.8178,-1.7287,0.70709,0.58014,-0.12267,1.1522
-0.42334,-0.35375,-1.761,-1.011,-1.3768,1.2362,-1.1892,-1.6571
-1.0117,0.088773,1.5297,1.6427,-0.32427,1.1559,-1.4977,-1.7014
-1.3537,1.3575,-1.07,0.15825,0.051753,1.3234,0.22312,1.4821
0.1312,-0.5644,0.66852,-1.2361,-0.67276,0.90898,-0.54773,0.044032
0.82742,-1.4636,-0.34036,1.2206,1.5696,0.89547,0.80353,1.0939
-0.51159,0.22204,-0.60178,1.2956,-1.7154,1.645,0.54376,0.60946
1.708,0.13133,1.386,-1.7275,-1.7308,-0.73943,-1.2619,0.89729
1.4264,0.2251,-0.20893,0.56831,0.31975,0.52852,0.72352,-0.048775
-0.051918,-1.4666,0.17163,1.3769,0.65568,-0.72829,1.0816,1.569
-0.82383,-0.71723,0.63095,1.6647,-1.5038,-1.479,-0.035794,-0.62582
0.93877,-0.94888,1.6732,-0.33996,1.4316,-0.23425,-1.1943,1.1772
-0.90141,-0.26886,-0.54543,1.1608,0.78608,-1.0313,0.14953,-1.1345
-1.3605,-1.4138,-0.46642,-1.3626,-0.09886,-1.635,-1.2646,-0.9223
1.2102,-1.4595,-1.5289,0.27321,0.2409,0.87874,0.26386,-1.6057
0.52262,1.1567,-1.0825,0.28314,1.4288,-1.4218,-0.83833,-0.087066
-1.0461,0.41195,-0.83248,-0.42225,-0.73599,-1.1644,-0.56661,1.1905
-0.38768,-1.6287,0.24746,-0.62545,1.1365,0.16166,-0.57855,-0.90652
1.4018,-0.38705,-0.79979,0.099298,-1.5125,1.3393,1.4717,1.1722
0.67647,-1.2546,-0.72839,1.4727,0.91698,-1.6494,-1.4483,0.011089
1.6323,-1.7149,-0.31424,-0.6419,-1.524,1.1369,1.4115,1.5361
1.6524,-1.2855,-1.5412,-1.0102,0.74173,-1.6658,0.77757,1.1168
0.16271,-0.90394,-1.3363,-0.58242,1.2086,-1.2351,0.73993,1.0818
-0.15201,-0.88423,1.4396,-0.82747,-0.0084235,-0.7544,-0.42015,1.567
-0.89305,-1.3599,-0.11692,1.6624,-0.040762,-0.63207,0.054152,-0.84209
-0.44567,-0.8797,1.6772,-0.19296,1.4571,0.14336,-1.7243,-1.4975
1.2792,1.5412,1.3425,0.11945,0.79514,-0.033924,-1.4869,1.2294
1.2765,0.39858,1.0491,0.17714,-0.83806,-1.7027,-0.91339,-1.543
1.5573,0.32842,-1.0098,-1.3779,0.54755,-1.7046,0.72423,0.1011
1.0479,0.5314,-0.53529,0.80843,-1.5245,0.87214,-0.69607,0.45106
1.2292,-1.5844,1.6995,1.0365,-0.69833,1.1864,1.208,1.6808
0.10678,0.82561,-1.2081,-0.45062,-1.2034,0.19212,1.0944,0.16419
1.397,-0.52068,0.67638,1.1547,1.4185,1.2195,0.36336,1.7217
-0.5916,-0.14963,1.4946,-1.4968,-0.89729,1.1491,-0.0647,0.11797
0.36432,-1.3746,0.33331,1.1811,-0.24585,0.67948,-1.1054,-0.69849
-0.88224,-0.75555,-0.85972,1.0871,1.0517,0.19373,-1.6231,-0.47166
1.5314,1.5262,-0.56051,-0.62681,-1.5067,-1.4886,0.33098,0.24645
1.088,0.77394,-1.2852,0.85042,1.0581,-1.1938,-1.3262,0.089638
0.66437,-0.28188,0.73341,-0.93945,-0.76357,1.158,1.4383,-0.29005
0.52209,-0.46321,-1.7119,-1.1842,-1.116,-1.1999,1.2578,1.0908
-0.73954,-0.56359,0.79081,1.1831,0.25386,1.5617,1.1154,0.24179
0.52952,0.56263,-1.658,-1.1779,1.2048,1.7253,-1.2056,1.5856
-0.13539,1.226,-1.1064,-0.45028,1.595,0.22383,1.4368,-0.49452
-1.2662,-0.30968,1.4774,-1.0804,1.6076,-1.0678,1.7079,1.2889
-1.1226,0.16398,0.69371,-0.19526,-1.6259,-1.3495,0.38748,1.054
-1.6293,0.77248,0.9443,1.0815,-0.066419,-0.31826,-0.36228,-0.73418
-1.5488,-0.9909,0.093917,0.11353,-1.263,-0.34451,-0.9058,1.1129
-1.326,1.1358,-1.7212,-0.46874,-1.0931,-0.11029,-1.6704,-1.5544
-1.4088,1.0184,0.6974,-0.37481,0.98721,0.46839,0.79043,-1.6092
0.20473,0.046786,-1.1952,-0.89188,-0.81406,-1.6686,-0.46468,0.30982
0.34994,-0.18033,1.346,1.2774,-1.0826,-0.46888,1.4622,1.4887
1.1255,0.40746,1.5941,-1.3318,0.52287,0.75537,1.6969,-0.54805
1.0956,-1.4038,-1.1754,-1.4957,1.5345,1.2782,-1.2833,1.7085
-0.053085,1.6953,-0.68556,1.0337,0.097474,0.24251,1.3355,-0.24408
0.52662,-0.6452,-0.93236,-0.058444,0.56987,-0.38991,-0.016315,-0.9995
-1.4014,0.89465,-0.031991,-0.24958,0.27615,1.0518,1.589,-0.46319
-0.63439,-0.58108,-0.52174,1.6453,-0.40656,1.1295,-0.65648,0.92064
0.1045,-0.52464,-1.1012,1.4962,-0.99592,1.3749,-0.20067,1.2205
0.35674,1.4574,1.2256,-1.6225,0.86559,0.022983,-0.1535,0.52482
-0.34988,1.4506,1.7074,0.48183,1.192,-0.15884,-0.52681,-0.27396
1.1805,1.7092,0.73408,-0.10691,-0.30485,0.94095,-0.063894,-0.13307
-0.59041,1.3347,1.444,1.6345,0.62868,1.1106,-0.049793,-1.6854
1.4264,-0.29569,0.91072,-1.5713,1.0917,1.2467,1.6765,-0.025014
-0.9182,-1.3017,1.2971,0.36914,1.5948,-0.25578,-1.01,-1.4116
0.24742,0.64598,0.85028,-0.21839,0.75862,1.1472,1.1791,1.694
-1.6724,-0.67577,0.89112,-0.59424,1.302,0.91858,-0.15545,1.405
1.1409,0.55542,-1.4516,-0.050423,0.61062,0.018152,-1.3104,0.84559
0.81284,-1.2636,0.36079,-0.25342,0.99355,-1.566,-0.96357,-0.50909
1.6217,-0.99625,-0.10063,-0.6293,0.83236,-1.2764,1.7144,0.34932
-0.68009,-1.5602,0.28317,1.4511,1.3951,-0.28175,-0.935,0.26276
1.603,-0.76529,-0.088649,-0.9973,-1.0038,1.4984,0.36045,-1.2921
-0.97502,0.93946,-1.6371,-0.10094,-1.323,0.65596,1.6482,-0.69069
1.5636,0.26527,1.4333,0.92632,0.87604,0.35414,-0.99605,-0.69081
1.383,-0.92518,-1.092,-0.51683,-0.41878,0.36126,-0.25709,-1.282
-0.078198,0.05205,-0.61828,0.47202,-1.6168,-0.91402,-1.5625,0.93543
-0.7562,-1.3365,0.14209,0.4369,0.8977,-0.40506,-0.24761,-0.11948
-1.3356,-1.1118,0.9989,1.555,-1.0538,0.73549,1.162,-1.1545
-0.9013,-0.62085,1.4535,0.0036477,-1.6666,-1.1155,0.64159,1.0454
-1.2003,1.2635,-1.5484,1.2256,-0.70781,0.57396,-1.6772,-0.47043
1.5282,-0.048385,1.0856,0.98203,0.46514,1.1375,0.33891,0.52722
1.6602,0.24046,1.5475,0.69464,-0.55732,-1.2503,-0.035203,0.037356
-1.4597,0.50797,1.4444,0.45842,-0.29349,-0.039727,-1.2431,1.1504
-0.59929,-0.63857,-1.1191,0.045641,-0.52908,-0.72741,1.2551,1.5741
0.47714,1.3229,0.075516,-1.5111,0.55453,0.37662,-1.1536,0.27975
-0.14039,-1.7015,0.48923,-1.1375,0.32951,-1.4294,1.6418,-0.52043
0.45248,-0.22336,0.18207,-1.2516,0.84645,-1.489,-1.1139,-1.0886
-0.59953,-0.31019,0.6623,0.81991,-1.682,-1.3688,0.33226,1.0802
-1.6753,-1.5135,-1.0348,-0.59733,-0.63746,0.82327,-0.16358,0.92049
1.2627,-0.75514,-0.45071,-1.3129,1.1597,0.22989,-1.2196,-0.96513
-1.3529,-1.199,0.5398,0.83891,0.032449,-1.2253,-1.6579,-1.4763
-0.76966,-0.4991,-1.0074,-1.5985,0.74573,-1.0336,1.3508,0.88467
0.93619,-1.0599,-0.33856,1.3069,-1.6584,1.5881,0.22869,-0.61199
-1.1706,0.092871,1.4877,0.3461,1.1894,0.95551,1.5016,0.68474
0.95807,0.73917,-0.26378,-1.2308,-1.4763,1.6007,-0.24111,-0.6622
-0.070475,-0.90979,-0.025892,-1.4554,1.0588,-0.31496,-1.6778,-0.35501
1.5974,0.54392,-0.99974,-0.11545,1.0936,1.4265,0.19749,1.3492
1.5558,-0.13829,-0.28369,-1.1993,-0.59766,-1.5689,-0.29463,0.72111
-0.21144,0.24865,-0.61193,-1.0687,-0.40353,1.6916,-0.76568,-0.067743
-0.047894,0.60119,0.099359,-1.313,-1.5088,1.4512,-1.6754,0.97955
-0.51302,0.33205,-0.026206,-0.5817,-1.2326,-0.20718,1.6041,0.14517
1.1665,0.56681,1.429,-0.24648,-1.1764,1.3595,-0.56855,0.16931
1.3225,0.83608,-0.88742,1.2503,1.7112,0.69681,-0.40141,0.90374
-1.0768,-1.3396,-0.62536,1.0293,-1.5242,-1.0967,-1.5703,1.683
-1.4145,-1.149,1.1769,0.97419,1.3126,-0.38105,-0.97137,-1.057
1.5872,-0.72267,1.3131,0.26048,-1.1964,1.5178,1.5118,0.050202
0.43807,1.6144,-1.4485,-1.1456,0.34824,-0.44965,0.21641,-1.3064
1.161,0.19411,-0.77077,0.72376,1.029,-0.20042,0.35882,0.14223
1.6547,1.2027,0.084987,-0.4833,-1.1006,0.11481,1.6503,-1.5669
0.35136,-0.17701,1.5858,0.89846,-0.034299,0.69509,1.2144,-0.35718
0.096997,-0.19082,-1.0844,0.32239,0.88101,-1.4709,-1.174,0.90756
-1.4173,-0.62896,-1.5528,0.10163,-0.60498,-0.0026804,-1.4551,-0.52933
-0.56447,-0.082612,1.1285,-1.7224,1.4363,1.6247,-1.7082,0.72288
1.6646,-0.40359,0.12535,1.282,-1.4617,-0.25724,1.4195,-1.1051
-1.5262,-0.48843,1.481,0.98415,0.80683,0.59954,-1.6382,-1.1548
-1.3613,-1.3728,0.60334,-1.5192,1.7226,0.26772,-0.91362,0.4528
0.51625,0.23832,1.2053,-1.0253,0.64819,1.6084,0.58003,-0.5655
0.76924,-1.6509,0.21832,0.12166,-1.2558,-0.41953,0.19596,0.015015
-1.6511,-1.0923,-0.88976,0.17707,1.602,-0.42327,-0.83561,1.0846
0.9252,-0.53644,-0.040804,-1.4099,1.1403,0.89432,0.14385,0.64063
1.5467,-0.89193,1.3898,1.0461,-1.2019,-0.76415,0.76406,-1.5377
1.5643,0.40387,-1.4777,-0.66724,-1.1289,0.44222,-0.71373,0.30433
-1.6694,0.32275,-0.61985,-0.073,1.4084,-1.059,1.0307,-0.64393
0.44888,-0.65481,-1.6958,-1.1105,-0.37313,0.63324,-0.90385,0.60085
1.3261,-0.19191,1.2928,0.6721,-0.29091,-0.75616,1.5099,0.065729
-0.33725,0.55994,-1.2237,0.92634,1.4007,0.82094,-0.51501,0.049588
0.14253,0.35336,0.29091,-0.2379,-1.5657,-1.3315,-0.24478,-0.98901
-0.7423,1.236,-0.0018172,0.94119,0.93604,-0.82452,1.0544,0.23746
-0.78132,-1.0437,1.6199,-0.40931,1.0287,-1.2246,0.11283,0.79873
0.68632,1.2719,-1.4657,-1.7066,0.57046,-0.89901,-0.43762,-0.93775
-1.4761,-1.1959,-0.31724,-1.6204,-0.80998,-0.12881,0.2963,-0.93952
1.5791,-1.119,0.65892,-1.0229,1.6364,-0.73581,-0.017788,0.97392
-0.76592,-1.5974,0.12283,-0.18085,0.81177,-1.0279,-1.1021,-0.27924
-1.2035,1.1684,-1.4653,1.2116,-1.6288,-0.9436,-1.6229,1.4606
0.38524,-1.3096,1.0706,1.2668,0.47904,0.80253,-0.17708,1.5072
-1.3312,-1.0337,1.1603,0.68898,-0.61232,-0.39527,0.39093,0.61665
-1.1468,-0.96038,1.6056,0.28699,1.4837,-0.21876,-1.5496,-0.91405
-0.43424,-0.40251,0.33399,-0.09088,0.45789,0.96551,-0.10249,-0.69709
0.73961,-1.685,1.4296,-0.044294,-0.22847,-1.06,0.75606,-1.6593
-0.98466,1.2221,-1.7423,-0.31059,0.48355,0.78957,1.1181,0.61497
-0.62417,-1.3763,0.70337,0.79467,-0.1724,-0.68023,1.0977,0.055732
-1.5181,-1.6661,-0.53149,-1.5586,-0.91276,-1.2509,-1.3167,0.4838
-1.6258,1.6278,-0.95111,-0.68575,-0.34785,-0.599,1.2009,-0.85227
0.54804,1.5264,-1.6898,1.4915,-0.78448,1.1964,-1.6071,0.21371
1.3835,-0.11435,0.27202,-1.6476,0.35917,-1.6805,-1.2293,1.1769
-1.5649,-1.4363,-0.31991,-0.8427,0.72272,1.4837,-1.5478,1.5232
0.88248,0.25278,-0.45803,-0.76053,0.36067,-0.081066,1.2463,-0.63855
0.09692,1.4373,-1.0299,0.7061,0.087637,0.20915,-1.6112,0.6421
-0.99232,-0.80153,1.3248,-1.3198,-0.79795,-1.2546,-1.5273,1.6177
0.47313,-0.075238,-1.5782,0.86094,1.1752,0.93897,-1.442,0.97415
-0.5637,-0.12305,-0.86954,-1.0079,-0.24926,-1.1315,0.27181,-1.1376
1.3481,-1.6604,1.1084,-1.0047,0.10744,0.3782,-0.22757,-1.5409
-0.56661,1.442,1.4109,-1.2105,1.451,-0.44407,1.3374,-0.10675
0.14673,0.17978,-0.46459,1.3579,1.4319,0.092995,0.37577,-1.5453
1.1845,1.2598,0.28259,-0.48384,1.5074,1.6085,-0.81353,-0.8455
-0.10176,-0.082076,0.86888,0.10774,0.082941,1.4123,-1.1319,-0.30495
-0.15173,1.0143,-0.6524,-0.6157,0.34432,1.3168,-1.6959,-0.45876
1.6632,-1.2401,-1.1242,-0.84213,-0.29942,0.61525,1.3377,1.1847
1.5317,-0.99843,1.6644,-1.1648,-1.6537,0.1661,1.6122,0.93013
-0.8591,-1.396,-1.4887,0.48378,0.28123,1.4442,-0.30697,-1.4779
-0.96014,0.029709,1.4791,1.3753,1.0243,0.11502,0.30605,1.1555
0.077364,1.5807,-1.5231,1.0998,1.6735,1.2085,0.61355,-1.5111
0.42738,-0.73044,-1.2479,0.92709,-0.63205,0.72583,-1.3028,-0.70198
-0.35091,1.7434,0.98732,-1.6815,-0.91121,1.0801,1.154,-0.97865
-0.76067,-1.6767,1.2542,-1.489,-0.69818,-0.47027,-0.57751,1.2394
0.78243,1.2971,1.0065,0.54943,-1.5727,1.2855,1.5416,-0.6399
-0.60611,1.1349,0.29156,1.0136,0.080606,0.083507,-0.25264,-0.85303
0.49927,0.32119,1.5552,0.42242,0.16496,-1.497,1.6606,0.44551
1.5244,0.091598,-0.3502,-1.6179,-0.62549,-0.34036,1.1662,-0.14974
-0.42636,0.57952,1.1208,-1.3235,0.89849,0.20435,0.28896,1.3364
0.36222,0.29383,0.72626,1.1426,-0.90642,0.85145,-0.029959,-0.33403
0.57487,0.97224,-1.2496,-1.5794,-1.3826,1.3538,1.6694,-0.62762
-0.3628,1.0571,0.88311,-0.20287,0.8797,1.0245,-1.1649,0.68557
-1.0902,-1.3724,-0.021019,1.491,1.6539,1.6914,0.17671,-0.21472
-0.98245,-1.4306,1.5649,-0.57484,-0.56565,-1.6062,-0.97767,-1.4301
0.35751,-0.35163,0.60025,1.667,-0.52525,-0.3923,-0.82619,0.33084
0.22374,-0.39898,-0.34737,-1.0278,0.45439,1.4182,1.0561,-1.132
0.48622,0.28482,-0.15921,1.5144,-1.043,0.017971,-1.1604,0.35994
-0.69037,0.025406,1.3869,-0.88377,-0.77459,0.40138,-0.91283,1.5787
-0.24696,1.2116,-0.0059531,0.74303,-0.76424,1.0511,-0.90439,-1.5136
1.243,0.36031,-0.37047,0.41681,-0.63627,-0.86206,1.0957,0.12009
0.21423,0.12924,0.68192,0.55443,-1.3523,-0.502,1.6716,1.0743
-1.5804,-0.55227,0.12645,-1.0471,1.4865,-0.24817,0.008492,-1.0944
0.48278,-1.2928,1.0732,0.72052,1.342,-0.83366,0.53453,-1.6428
-0.57296,-0.27885,0.15061,1.182,0.5832,0.97349,1.1222,1.4701
-0.53566,1.0902,0.27888,-1.6264,-0.75794,-0.58625,-0.75097,-0.64718
-1.5781,1.7278,-0.88923,-1.2576,-0.61252,-0.82733,1.0119,1.0187
-1.2184,-1.5172,1.2981,-1.6574,-0.086216,1.3086,-1.0414,-1.455
-1.5391,0.85779,-1.1813,-0.2707,0.42925,0.030994,-0.91474,-0.36628
-1.3305,-0.36931,0.072013,0.85022,0.28224,-1.0799,0.0040857,1.1485
0.24362,-0.28722,-0.36473,-0.43912,-0.60693,0.9737,0.59462,0.57957
-1.2023,0.92523,-0.29223,-1.5857,-1.5703,0.371,-1.6338,-1.1038
0.59454,-1.4155,-0.58953,-1.0603,-0.26466,0.63812,-0.55285,1.3196
0.65031,1.0897,-1.0016,-1.2994,-1.4456,-1.4793,-1.4016,-0.72967
-0.59074,0.34865,-1.7059,-0.95678,-0.6851,1.6722,0.3871,-1.1045
-0.27832,-0.28192,0.27811,1.3738,0.56188,0.58496,0.18233,1.483
-0.0011113,0.51788,0.63859,0.23862,1.5866,-1.2758,1.1232,-1.4526
1.4113,1.7456,0.71308,-1.4046,1.674,0.3295,1.5346,1.08
1.6915,1.6249,-1.3457,-0.66262,-0.57819,0.11249,0.13819,-0.28055
-1.0333,0.51455,-0.29217,-1.526,-1.6378,1.5754,-0.30561,-0.029251
0.57212,0.79785,-1.7583,-1.1433,1.3859,-0.33031,1.1131,0.87739
-0.7805,-1.701,0.59996,-0.47842,0.81381,0.11024,-1.079,-1.6737
-0.27642,-0.12925,-1.2752,-0.32398,-0.33109,-0.68776,-1.2401,-1.6765
0.42177,0.70542,1.5067,0.15294,-1.6373,0.99788,0.41259,-0.38086
1.0029,0.046204,-1.6596,-0.39256,0.32668,-0.51296,-0.4504,0.099234
-0.45562,0.50157,1.0598,0.2475,-0.3496,0.89343,1.3231,-1.3179
1.419,1.1017,0.47861,1.2163,0.18515,0.56641,0.79081,0.96321
0.65079,-0.74549,1.1623,-0.72406,1.522,1.4908,-1.0383,-1.0623
1.0413,-1.4572,0.60076,0.72241,-0.91226,0.43962,1.3774,1.6714
-0.50862,0.62307,0.40599,-0.12786,-0.53986,-1.501,-0.8985,1.4142
0.32149,1.3241,-1.5881,1.3183,-1.2784,-1.7075,-0.68065,-0.64061
1.0869,0.46801,0.3649,-1.3974,-0.64307,-1.2804,1.0435,0.69066
0.68352,-1.2939,-1.2397,-1.2085,0.49172,1.2123,0.65089,-1.6978
-0.27222,-0.48517,-1.3521,-0.83164,0.11756,0.69072,-0.19204,-0.11918
1.6687,0.5362,-1.6785,-0.15585,-1.2879,1.1998,1.091,0.47231
-0.13767,-1.6884,0.39283,1.362,-0.34665,1.6052,1.07,0.044819
-1.4033,0.89634,-0.20779,-1.3226,1.2269,-0.4415,0.9827,-0.62273
-0.41111,-1.3172,1.0231,-0.44696,0.56735,-0.64288,-1.3533,-0.95692
1.1154,-0.56584,0.25899,-0.88205,0.97867,-0.10988,-0.32917,1.0348
-0.72754,1.3823,1.1276,-0.063109,1.0394,-0.82448,-0.45564,0.58123
-0.55458,-0.51141,1.3484,0.3001,-0.23876,-0.77565,-1.625,0.1646
0.82286,-0.91014,-1.0558,1.1266,-0.73878,-1.3613,-0.016116,-0.89443
1.3468,-0.56659,0.34746,0.90886,-0.40339,1.4058,-1.6806,-0.63619
-0.46159,1.3335,0.54322,0.19161,0.81464,-0.98439,-0.65171,-0.49891
-0.16979,0.45706,-0.74638,1.065,1.0506,-1.6905,0.36294,-1.0424
1.5953,1.1224,0.93753,0.18669,-1.5554,1.4127,-1.4424,0.11375
-0.58301,-0.67785,0.59188,0.77267,0.73998,0.16972,-0.94138,0.29565
-1.0386,-0.54481,0.34637,0.72793,1.2649,-0.60625,-0.22775,-0.53522
1.1182,0.61561,-1.7271,-1.2248,-0.576,0.55872,-0.52257,-0.14172
-0.75022,-0.14784,-1.0685,-0.043085,-0.12502,1.7107,1.0537,1.4527
-0.25538,1.0799,-1.597,0.99201,-0.077829,1.4114,1.1243,1.4287
1.094,0.98098,-0.16046,-1.1262,-0.12773,1.4809,1.1116,-1.6572
-0.86918,-0.18001,1.2987,0.86225,0.72287,1.5903,1.0584,-1.3336
-0.66289,0.95504,0.21694,-0.47401,1.125,0.32483,-1.4563,0.8506
0.15434,1.0934,1.2784,-1.7022,0.30636,0.4099,0.5189,-0.66377
0.34972,-0.34676,0.7637,0.068334,0.012103,0.64786,-1.2582,-1.0388
-1.6401,-0.93157,-1.3973,-1.6598,0.61646,-0.81411,-0.21349,0.52637
1.5944,1.6226,-1.3543,0.69238,0.017677,-1.3172,-0.24845,0.45764
-1.1018,-1.2165,-1.3149,1.1294,-1.297,1.4856,-1.1452,-0.79974
-0.76058,0.6816,-0.89857,1.4309,-0.65554,0.34286,-1.5965,1.6385
0.97129,0.28704,-0.78743,1.4723,0.17975,-1.2051,-0.94263,0.06832
-1.5581,0.66465,-0.095082,1.4053,-1.3955,0.085488,-1.2304,-1.3593
-0.92699,-1.2006,-0.84618,0.78254,1.3702,0.90616,-0.089225,1.3386
-1.5714,0.099328,0.18317,-0.17227,1.641,-0.31662,-1.159,0.6763
-0.77801,0.94313,-1.586,1.4722,0.41031,-0.31129,-0.34442,-0.3096
-0.30918,0.42181,-0.97934,0.97244,-1.0207,1.5856,-1.3087,0.31355
-1.7168,-1.0262,1.0373,-1.3704,1.6083,-0.16668,0.22474,0.5686
1.2942,1.0171,-1.3191,-0.12624,-0.48845,-0.9641,-0.88421,-0.25085
0.49906,0.095875,1.3763,1.0717,0.65607,-1.2236,0.74803,0.30954
-0.29362,-1.0533,0.12651,0.51526,0.66047,0.19009,1.7029,0.11031
-0.18573,-0.93233,0.58055,-0.81691,-0.89036,-0.76274,-0.37709,-0.62077
-0.69017,-0.76139,1.1183,-1.2417,0.77753,1.198,0.46568,-1.6414
-1.0488,-0.32876,0.80816,-0.63711,1.6241,-0.86516,1.0948,0.21099
-1.7232,0.24128,-1.4164,-1.1783,1.5008,-0.50895,-1.1676,-1.4206
0.24171,-0.060689,1.3476,1.2296,-1.6516,-1.488,1.2914,0.10128
1.5253,1.0328,0.80923,1.111,1.7115,1.6488,0.9371,0.36023
-0.98435,-0.14121,-1.1664,0.45149,1.5019,-0.85138,-1.3216,0.67512
-0.53812,0.54863,-1.2144,-1.1616,-0.18186,1.2355,1.6163,0.88499
-0.3558,1.7294,0.3073,1.3767,1.0672,-0.11109,-1.2329,-0.53092
-1.3613,-0.42957,-0.77121,-1.1541,-1.0346,0.62973,0.26661,0.77099
0.78763,-1.564,-1.6654,-0.52737,-1.7008,-0.69323,-1.6952,-0.31019
-0.36378,-1.6123,0.44031,0.51109,-0.49326,1.4394,1.3634,0.69698
1.0199,1.1171,-0.094204,-1.451,0.13006,0.31081,0.69283,-1.3502
1.6736,-1.02,-0.13002,-0.58285,0.6536,-1.1369,-0.49946,1.0737
0.66831,-0.67034,-0.55801,-1.4327,-0.4012,-0.575,-1.2932,-1.0798
-0.84118,0.73324,-1.3887,-0.63237,-0.16908,0.70503,-1.3496,0.69355
1.7024,0.29081,-1.2213,-0.2431,0.69277,0.77271,0.8948,-0.37756
1.6306,-1.4745,0.70572,-0.75955,1.1388,0.70441,0.80891,-0.39024
-1.0435,-0.056013,1.2043,1.7356,-0.3045,0.85293,-0.48148,1.5941
-1.2788,0.20917,0.86441,0.90006,-1.5638,0.068863,0.42656,1.2694
1.0096,0.5427,1.004,-0.6663,1.6343,0.89008,-1.0693,0.84199
-1.5818,1.6712,1.4095,-0.68646,-0.27058,-0.28437,0.032389,0.12465
1.7008,-0.88311,-0.57021,0.68389,1.6798,-1.4639,-1.3123,1.6929
-0.55172,-0.13301,-0.51101,1.6125,1.6453,-1.6541,0.58744,1.0545
1.4434,1.4715,-1.0943,-1.7127,0.97767,1.3749,-1.6775,-1.2378
-0.99789,1.3598,1.3176,-0.13747,-1.3423,-1.3746,1.2474,-1.5354
0.97182,0.65178,-0.74894,0.27659,0.41689,1.0259,-1.7322,-0.074435
1.2553,-1.3833,1.3897,-1.0985,-0.095497,-0.63375,-1.7156,1.5387
1.5132,-1.4697,1.0165,-0.13628,0.020326,-0.58959,0.62191,1.714
-0.059848,1.3069,0.58637,-0.080438,0.0075731,-1.3083,1.5407,-0.49041
-0.76977,-0.2679,1.3968,-1.5854,-0.26927,1.0548,0.56285,-0.69278
-1.7147,-0.098858,-0.070751,-0.60975,-0.79198,0.6038,1.0854,0.28573
0.98326,0.29342,1.5714,1.0781,-0.1013,1.7059,0.36056,-0.97754
-0.081766,0.013872,1.0202,-1.1994,-1.4468,0.89497,0.116,1.1621
-0.4018,0.059618,1.5945,-1.5987,-1.4143,-0.93327,-0.59948,1.5952
-0.079317,-0.57121,-1.6444,0.73778,1.0887,1.4622,1.2557,0.97752
0.2763,1.4317,-0.074003,-1.0413,-1.4643,0.9143,-1.4634,0.37225
1.2548,-0.89838,1.045,1.108,-0.95067,0.69865,0.79711,-1.3745
0.58175,-1.6211,-0.46878,-1.4429,-0.46478,-1.7064,1.3623,-0.28941
-1.2431,-0.27115,-0.47018,0.1306,-0.92971,-1.1495,-1.6545,-0.15764
0.029252,-0.03677,-0.85501,-1.3595,0.64845,1.027,-0.16995,-0.9387
-1.2962,-0.10282,-1.0923,-0.58335,0.83369,-1.6977,-0.60904,0.79638
1.3167,1.484,0.22591,-1.5782,-0.1727,1.6356,-0.55626,-0.067537
0.39476,0.46152,-0.22548,0.45109,1.3296,0.82834,1.0686,-0.42709
-1.5049,-1.464,-0.22457,1.4602,-1.4369,-0.96742,-1.4294,-0.036515
-0.066726,-0.61638,0.96188,1.6849,0.92684,0.30874,0.9582,1.4996
-1.5434,-0.62559,0.18604,-0.2767,1.0367,0.96919,1.2346,-1.512
1.6371,0.38882,-1.3804,-0.35703,0.84703,0.76631,-0.58589,1.4647
-1.3301,-0.94329,-1.2292,0.32132,-0.80055,0.81379,-0.92538,0.26331
0.60361,-0.45609,0.82315,-0.85368,-0.93568,-0.77334,-1.4781,-0.37273
0.045089,-1.5722,1.0358,-0.59323,-1.7359,-0.41097,-0.99502,0.96443
0.71801,1.652,-1.0919,-1.2782,-0.71179,0.3088,-0.20932,1.3364
1.23,-0.15331,-0.29463,-1.3377,-0.70988,0.98604,-0.01844,-1.1704
-0.32454,1.006,-0.18711,-1.0439,0.45411,0.87779,0.57685,1.4286
-0.25192,1.3882,-1.4566,-0.097935,-1.0778,0.99261,0.51652,0.71727
1.3099,-0.32712,0.52697,-1.6969,-1.656,1.6193,-0.99856,1.0573
-0.34463,0.43253,-1.6378,-0.64597,-1.1513,1.6236,0.76,1.4465
0.57181,0.029727,0.87969,1.178,0.4243,0.49949,-0.84013,-0.58354
0.9907,1.679,-1.7614,1.6987,0.2881,0.85175,1.154,0.29678
-0.57964,0.9203,-1.3469,-0.45331,-1.0905,1.7093,-0.5185,-1.6711
1.1675,-0.20117,1.4977,0.29458,-0.38761,-1.2144,0.35597,-0.53535
1.1751,0.14325,0.91895,1.2027,-1.007,-1.0135,0.82038,-0.80318
-0.75671,1.4651,-0.88767,1.5082,1.0273,-0.63248,-0.6243,-0.19075
0.81963,-0.88641,0.94387,-0.48694,0.10823,-0.54916,-0.93018,0.16851
-0.85239,-0.58446,0.45679,-0.10241,-1.3721,-0.70424,1.441,-0.27488
-0.96328,0.52137,-0.94277,-0.49402,1.5529,-1.1358,1.1627,-0.92131
-0.54184,-0.223,-0.73978,0.21439,0.23458,1.3918,0.055124,-0.57373
-1.3524,-1.6358,-1.1593,-1.0427,0.63704,0.52197,1.0769,-0.21599
-1.1539,-1.2546,1.0997,-0.46286,-1.5976,1.5551,-0.32844,0.6325
-0.26572,1.5869,1.0218,-0.62184,0.41589,1.471,0.077172,-0.55347
-1.6857,-0.86005,0.32978,-0.46161,0.72774,-0.97377,-1.024,-1.506
-0.39444,-0.26849,-0.98806,-1.2533,0.22703,-1.3456,1.5501,-0.43529
-0.34554,-0.28102,0.64401,1.701,0.028569,-0.61297,0.86547,-0.86894
-0.38315,1.3931,1.6651,-1.5769,-1.1674,0.43946,0.80873,1.5423
-0.96547,1.1699,-1.2639,-0.70262,0.48265,0.22768,0.92983,-1.5123
-0.064586,0.54488,1.4156,-1.1933,-0.15125,-0.6414,1.0426,-0.42893
1.4602,0.87237,1.1902,0.71357,1.4222,-0.86894,-0.22859,1.2922
1.5171,-0.69227,-0.23773,1.2188,1.0413,0.80072,-0.39444,0.97655
0.33488,-1.4241,1.1359,-0.80934,0.93554,0.67492,0.94382,1.3087
0.66034,1.3325,0.89431,1.6609,0.69712,0.62052,-0.18244,-1.3917
-0.92195,1.5384,-0.45347,1.1278,-0.68135,-1.5151,0.6557,0.0026752
0.90028,0.94268,0.72825,-1.3948,0.19104,-0.65759,-1.3012,-0.94399
-0.45408,-0.49911,-1.2846,1.6599,-1.3235,1.2464,1.2105,-0.26017
0.26488,1.2183,1.0494,-0.65826,1.5839,0.28975,-0.99597,-0.60277
0.62307,-0.84784,1.3752,0.12621,-0.75889,-1.2278,-0.50478,-1.5748
1.4148,-0.17896,-1.5837,-1.6849,1.2076,-0.72926,0.064463,-0.43566
1.1077,-0.8352,0.25795,-1.7156,-0.67304,-0.064354,-0.9473,-0.5369
-1.2657,-1.1144,1.4236,-0.063041,-1.4994,0.2341,-1.5708,-0.55276
-0.026158,-0.30443,0.84727,-1.2848,-0.41002,1.2342,-0.40026,-0.73343
0.22364,0.41405,1.0102,0.52495,0.788,-0.098034,-1.7244,-1.7105
-1.5345,1.1174,-1.3323,0.40602,0.19993,-1.5922,-1.031,-0.37918
0.91291,-0.094643,-1.1202,-0.72825,-0.77557,0.012569,1.5712,-0.80203
1.0496,-0.49362,-0.21578,-1.6986,1.464,-1.6149,-1.2298,-0.89141
0.50495,0.10264,0.51609,0.79359,0.98239,1.6356,1.2715,0.48891
-0.60591,0.8315,-1.0719,-1.2352,1.6617,-0.44029,1.2772,-0.34133
-0.062206,-0.66965,0.00027002,-0.079211,1.3159,0.083061,0.31577,-1.5451
0.40919,-0.50934,0.68069,-0.54583,-0.31354,0.24696,0.16419,-0.69532
0.41209,1.1773,-0.43051,-1.612,0.56808,-0.84714,-0.8415,0.059967
0.29741,0.46273,0.95284,1.2072,0.26499,0.65817,1.6264,-1.5052
0.44711,0.54097,1.3927,-0.40844,0.96234,-1.2144,1.1398,1.3764
-1.3758,0.85133,0.54539,-1.0864,0.61567,-1.1959,-1.6378,0.52046
1.7075,-0.72844,-0.095518,0.45791,0.26474,-1.0284,-1.2375,-0.20076
-0.27624,0.63425,-0.98002,0.26895,0.25538,-1.0427,-1.0992,-0.88726
-1.1137,-1.653,-0.7673,-0.62289,-0.98202,-1.0057,0.42064,-1.0109
-0.4301,1.7439,-0.48177,-0.23206,-0.30404,0.69769,-1.4671,-0.38363
-0.98103,-1.2548,0.55489,0.95194,-0.63448,-1.2588,-0.33593,1.1568
0.85203,-0.98234,0.774,-1.6607,-0.084985,0.62213,1.5726,0.40589
-0.027497,-1.4239,0.844,1.2816,-0.88021,0.10457,-0.69375,0.93985
1.4749,-0.39407,-1.747,-0.58273,0.15125,-1.3077,-0.74601,-0.39065
-0.31029,0.10155,-1.0247,1.4754,0.66689,-0.95054,0.43552,0.0066124
0.7624,-0.68893,1.1536,-0.7983,-0.38911,-1.257,-1.4024,0.49583
0.91655,-0.60654,-0.26323,-0.23294,0.026087,-0.12156,1.6194,-1.3912
0.65797,-1.7061,1.4204,0.40721,-0.56078,-0.37775,-0.14065,-0.32213
1.1381,0.0019399,-0.46516,1.4191,-1.703,-1.0695,0.33749,0.62842
-0.72055,0.96786,0.32541,-1.237,1.7115,0.07178,-0.89623,0.67846
0.079848,-0.48817,1.0026,-0.34946,0.89274,-1.4713,1.6089,1.6456
-1.0965,-0.6207,-0.80826,0.16021,-0.64965,0.92282,1.4597,-1.2012
1.591,-0.21088,-1.469,0.87914,-0.74885,1.2542,-0.84332,1.2705
-1.6799,-0.31703,1.6766,-0.23524,0.6295,-1.5303,0.38047,-1.4131
1.4782,0.62091,0.52844,0.48345,-0.53456,1.513,1.1272,1.4042
-0.74307,1.4798,0.033837,0.38171,-0.58071,-0.065744,0.54462,-0.059124
-0.41059,-0.84417,-1.0653,-0.020294,-1.3358,0.95447,-1.6142,0.49684
1.3855,0.040534,0.45882,0.43677,1.576,1.2735,-0.038979,0.008849
1.552,-1.1205,-0.52409,0.63605,1.0993,1.717,-0.3884,-1.081
-0.34272,1.3348,1.2841,0.035586,-1.7012,1.4067,0.77785,0.52429
1.0588,1.2218,0.47655,0.68242,-0.75477,-1.2774,-0.96126,0.43923
-1.3697,0.84221,0.20477,-0.25297,0.96015,-0.28732,1.4973,1.3996
-1.643,0.54515,-0.99698,-0.56274,1.609,1.2605,-0.42591,-0.53053
1.4398,1.171,-1.4907,-1.1971,0.17596,1.3838,-0.60388,-1.0298
-1.7294,1.0741,-1.3863,-1.1572,-0.93736,1.1059,0.17107,0.16882
-0.55833,-1.3629,1.6767,-0.50031,-1.6943,0.88283,1.6559,-0.75203
-1.6976,-1.2971,-0.027851,1.7264,0.81535,1.1305,-0.31046,0.34264
-0.66374,-0.4604,-1.2661,-1.7065,-1.6765,-0.0060995,-1.4431,0.79767
1.1828,0.66477,-1.0964,-0.38565,1.2934,0.54804,-0.0029521,0.091993
0.028269,-1.1979,-1.6542,0.70851,-0.58014,0.93713,0.7788,-0.29827
-1.1428,-0.31881,0.6789,0.6823,-0.99174,0.97563,1.5845,-1.1531
0.66872,-1.0015,-0.79531,0.47206,-0.61222,0.11968,1.4223,1.371
-0.66843,-0.79083,0.63618,0.51132,-0.59436,1.2909,-0.40875,1.4485
-0.15603,-0.55577,-0.85273,0.37703,1.3361,-1.5841,-0.37254,-1.2111
-0.2451,0.52281,-0.25297,0.020987,1.3372,-0.34824,1.6238,0.23097
-0.15935,1.331,0.34474,0.11504,-0.10001,-0.47154,-1.3317,0.28133
-0.81783,1.0228,-0.74985,-0.95308,1.3322,-0.2905,-0.99155,-0.93311
-0.57712,-0.66184,-0.77384,-0.38349,0.73701,-0.55919,0.45996,-1.1704
-1.7081,-1.4141,0.54085,0.42975,0.37139,1.411,0.95938,1.2381
-0.92084,0.36592,-1.6954,1.6473,1.6935,0.69242,1.2526,-1.3307
-1.6682,-0.3293,0.51397,-0.94482,-0.57389,1.1001,0.76465,1.1587
0.83503,-0.0014228,-1.2337,1.1598,-1.3158,0.050006,-0.82605,0.48264
-0.95934,1.0042,1.4817,0.63875,-0.65629,0.44982,0.39344,1.1643
1.0225,0.50247,-0.46241,0.92893,-0.61377,-1.4215,0.18521,-1.1283
-0.42589,-0.67338,-0.34448,0.34493,-1.4864,-1.5857,-0.48786,-0.056935
0.059616,-1.0985,-0.61025,1.5577,0.026507,-1.3934,-1.143,-1.5264
0.39876,0.39374,1.0429,-1.1516,-0.33294,-0.84782,1.71,0.36288
1.6317,-1.0096,-0.63633,-1.2208,-0.58654,-0.87395,-0.70469,0.77699
1.6882,0.86391,-0.92452,-1.4413,-1.5096,0.066787,1.6713,0.82924
0.96783,-0.51453,-0.40427,0.76156,0.94894,-0.32857,0.83076,0.12726
-1.4396,0.58449,0.055052,0.31242,-1.4217,1.2623,-0.53858,-0.84813
0.52544,0.92628,0.51891,-1.2132,-0.16373,-0.07665,1.4953,-0.47955
-1.3562,-1.3702,-1.6527,-0.42817,-0.65298,-1.255,1.1355,-0.1937
0.37815,1.5753,1.5186,1.4393,-0.16827,-0.11235,0.091359,1.4224
1.2805,0.928,-0.54447,0.96847,-0.71325,0.33706,1.5442,-1.3911
-1.2804,-0.3031,0.61516,-1.4445,-0.82037,-0.39446,-1.7084,0.32962
0.76855,-0.28665,0.57962,1.4111,0.36761,0.49978,-1.3236,0.25534
-0.24958,1.1964,1.6192,0.99673,-1.2098,0.17029,1.2801,0.49265
-0.60856,1.0544,-1.3329,-1.6198,-1.4624,0.30483,-0.17384,-1.1866
0.95545,-0.84571,-1.094,-0.28034,-1.0413,-1.3114,-1.7179,-0.14082
-0.11905,-0.77538,0.28185,1.4066,-0.16782,-1.3461,0.17077,-1.503
0.79401,-1.1372,-0.37076,0.68541,0.13863,1.0402,1.4213,1.5226
0.6547,1.1988,-0.63983,-0.90599,0.48108,-0.83668,-0.64968,-0.98109
1.5604,-0.9897,1.6521,0.27858,-0.33074,1.3177,1.3465,-1.3225
0.14813,0.78896,1.5651,-0.06882,0.14052,-0.41383,1.0274,-1.2479
0.10841,0.12988,1.5714,0.44881,-1.4954,1.619,1.1722,1.1385
0.94257,-1.0302,0.13856,-0.11914,-0.35332,-1.1693,0.65643,0.25539
-0.40944,-0.7567,-1.3411,-1.237,0.0748,0.83843,-1.0077,-1.5184
0.35505,0.77092,0.65007,-1.108,1.0412,1.0863,1.432,1.0282
-0.39783,0.88351,0.73047,-1.1058,-1.5384,1.095,-0.80995,-0.28327
-0.01669,0.98302,-0.43849,-1.2482,0.0015144,0.90001,-0.65439,-1.1911
-0.71625,0.64167,-1.3538,0.37058,-0.39458,-0.67565,0.060146,0.55814
-1.1587,1.2957,0.43246,1.5003,-0.83698,0.38652,-1.1799,0.2026
0.1582,1.2383,-0.27202,-0.047692,1.554,-1.5339,-0.84722,-1.1534
1.3308,0.12049,1.3069,-0.23614,-0.4871,0.52752,-0.42787,0.64595
0.12918,0.24693,-0.038357,0.81553,1.2989,0.39571,0.22332,-0.76621
-0.35061,-1.6854,-0.095902,1.6629,-1.0787,-0.38708,-0.46981,0.63103
-1.3819,-1.5988,-1.3562,-1.0587,1.4192,1.1003,1.5312,-1.2766
1.508,0.0075211,0.60961,-0.32064,-0.6648,0.64975,0.544,-0.56769
-0.58323,-1.5891,0.1387,1.2605,1.4863,1.1478,0.20385,-0.17453
-1.2811,0.78071,1.5992,1.3357,0.51963,-1.3467,-0.74656,-1.2106
1.0048,0.40319,-0.61843,-0.82254,0.34785,-0.0020446,0.76579,0.59047
0.68817,1.3833,0.44606,0.083168,1.1359,0.089893,-1.4397,1.1715
0.27088,-1.5987,0.21721,-1.272,1.5307,-1.1043,0.72209,0.5189
-1.2129,-1.1887,0.096346,-0.50705,0.37033,-1.4992,1.4469,-0.33974
-0.70572,0.63259,-1.1954,-0.6171,-0.084784,0.98431,1.2176,-0.076915
-0.91741,0.605,1.6009,0.6587,-0.53685,0.51117,0.00019528,-0.97173
-0.36224,1.5172,-0.5757,-0.33935,0.26726,0.91995,0.87174,-1.0106
-1.6159,-1.0626,1.5082,1.6618,-1.3513,0.69182,0.60923,0.85507
0.35504,1.3913,-0.27288,-0.89199,-1.2081,1.6811,-1.5288,-0.18041
1.016,1.4162,-0.26939,-1.2889,1.4767,1.2257,-1.403,-0.57319
0.97472,1.6917,-0.93391,-1.199,-1.5131,-1.0334,-0.38989,0.17226
0.23799,0.20359,-0.94857,-0.7938,-0.053191,-0.28417,-0.26469,0.46848
1.1661,0.30751,1.549,-0.24912,-1.6512,-0.664,-0.37476,0.87247
1.421,-0.60103,-1.0904,1.0836,0.154,0.63143,-0.16077,0.182
-0.47537,0.867,-1.1035,0.53085,0.26161,-1.6609,0.4435,-1.3545
0.56763,-0.49582,0.16479,-0.17513,-1.2399,-0.95047,1.01,1.2228
0.81698,0.95613,-0.99632,-0.50561,0.81928,-1.679,1.4215,-0.10484
0.61263,1.1545,0.42878,-0.21026,0.68328,-1.4969,1.7171,-0.087867
-1.0354,-1.2832,0.0025858,-0.31038,0.61351,0.96533,0.014638,1.6117
-0.63162,0.38825,0.12402,0.091219,-1.4689,-1.4399,0.57148,1.0126
0.71005,0.23291,-1.6574,-1.5406,0.545,-1.488,1.6625,-0.68006
-0.55132,-1.6631,1.1049,-0.32818,1.2525,1.1299,-1.7357,1.2685
0.78594,1.0182,-1.4824,0.27334,-0.58773,0.96763,-1.2571,0.77472
1.1651,0.71024,1.0194,-0.57313,-0.94313,0.019264,1.2144,-0.17028
-0.97373,1.7374,-0.86212,0.33949,0.62611,0.90189,-1.6572,-1.7171
-0.41332,-0.95413,1.1288,-0.26794,-0.79586,1.5557,0.075061,0.10397
-0.66168,1.2449,-0.3439,-0.6428,-1.1214,0.52247,-1.0843,0.79771
-0.32823,1.4198,-1.0999,-1.4388,-1.5461,-0.81362,-0.87085,1.5908
-0.71759,-0.27566,0.76098,-0.54751,-1.4676,0.26806,1.6371,-0.99929
0.92556,-1.6264,0.89416,-0.0021308,0.82409,0.98329,-1.4335,0.60666
-0.73457,0.93387,-1.7067,-1.5017,-1.5982,1.6537,-0.78924,-1.3359
0.42831,0.22026,-0.25088,-1.1652,-1.4809,0.019328,0.15819,-0.58575
-1.2356,1.2482,0.88598,0.97033,-1.6299,0.34622,0.05453,-0.27729
-1.6829,0.61106,1.4444,-1.6852,-1.0705,-1.2338,1.1687,1.3941
0.46938,-0.0045968,-1.5123,0.85182,-1.0544,-0.60342,0.71534,-0.20672
0.88752,0.11341,-0.6864,-0.38731,-0.035211,0.27759,0.69574,-1.265
-1.2138,-0.27973,-0.32271,0.56265,0.61134,1.5044,1.4175,0.99716
0.51669,0.9565,0.47781,1.6083,0.95105,-1.1189,0.78295,0.38567
0.2491,0.81911,0.8146,0.52785,-0.17265,-0.51387,0.029934,-0.54512
-0.31261,-0.83623,1.5722,-0.072182,-1.6167,1.7235,-1.2687,0.39119
-0.99554,1.0512,0.20673,-1.6844,1.5413,-0.58836,0.83047,-0.47062
1.6671,-0.96281,0.03996,0.36519,-1.0209,-1.6042,-1.1336,-0.97981
0.2146,-0.64619,-0.0064245,-1.3975,-1.3925,0.63109,1.6088,0.09309
-0.82135,0.80617,0.87341,0.24134,-1.5067,1.2607,1.2622,-0.58029
-0.11609,1.2296,-0.57172,-1.0603,0.42363,-1.1219,-0.11496,-1.3153
1.5772,-1.7309,0.82234,0.98275,-1.2793,0.65311,-1.2829,-0.34691
1.2721,-1.1305,1.2696,-0.38041,1.3542,-0.089769,-0.28626,-1.4072
-1.5982,-0.30759,0.6306,1.388,-0.63596,-0.015068,-1.7174,0.68926
0.53389,-0.55125,-1.5381,-0.55463,-0.48804,-0.1287,-0.94136,-1.5726
0.76307,-0.66944,-1.2708,1.6629,-1.1079,1.7011,-1.5001,0.6331
-1.2542,-1.3219,-1.528,-1.4648,-1.1812,0.3423,1.1724,0.51279
1.3649,-1.577,0.29595,0.17895,1.3793,-1.6499,-1.2045,0.30247
0.90217,-0.4158,0.553,0.69044,0.46353,-1.6607,-0.65964,-0.8787
0.58575,0.30875,-0.12783,0.63949,-1.0946,-1.4812,-1.4257,-0.17185
1.6559,1.2572,1.6996,-0.20334,0.7868,-1.6687,-1.0668,1.1678
-0.64979,-1.0738,1.3567,-1.4389,1.5571,0.66399,0.075683,0.74444
1.5479,-1.1596,-0.43751,-0.72309,-1.3443,0.56011,0.99855,0.75481
-0.31735,-0.68917,0.022339,0.53108,-1.4565,1.7157,-0.056623,0.97995
1.3149,1.6011,-1.0537,0.84631,0.65098,1.5145,-1.5968,-1.1716
1.4475,0.96643,0.92544,-0.31799,1.6819,1.5389,-0.82788,0.83205
-0.34473,-1.1068,0.00080975,-0.28348,0.28809,-1.5092,-1.5642,0.32144
-0.29911,-1.1997,-0.43479,0.42969,-1.1214,1.3635,0.89204,-1.3774
0.28917,1.7388,-0.99667,-0.84302,-0.95042,-0.064008,1.306,-0.51239
1.176,0.41621,-1.5872,-0.55251,0.97337,1.6335,-0.88328,0.35279
1.4733,1.0927,0.14283,-1.0682,-0.36821,1.6659,0.60225,-0.30339
0.89229,0.10555,0.77032,0.88681,-0.75914,1.1232,0.056719,-0.38704
-0.79397,-0.61933,-0.086005,0.10255,-0.94477,0.42237,0.22092,0.58026
-0.47664,1.6572,-1.1756,-0.35654,0.43515,-0.95963,-1.7303,0.85887
-1.0975,1.0107,1.0899,1.3016,0.86064,-1.5192,-0.34931,0.36374
-1.3095,-1.1209,0.48882,0.9522,-1.723,1.6636,0.92399,0.23742
-0.80816,1.7468,-0.55702,-0.20346,0.5122,-0.28406,1.3899,0.14942
1.3803,0.091266,-0.053462,1.2946,0.26127,-0.45472,-0.50614,1.7116
0.97661,0.64321,1.4645,-0.52938,-0.74683,0.55869,-1.6549,0.6631
-0.037931,-0.4641,0.32648,1.0528,1.6512,0.14278,-1.7239,-0.34059
-1.3492,1.0519,-0.92814,1.2996,-0.31408,-0.023522,0.079786,1.4811
-0.07317,0.23166,-0.60438,-0.48121,1.4035,-0.5765,-1.5731,0.35608
-0.15945,-0.61036,-0.86363,1.2337,0.70409,-1.6465,1.2206,-0.26947
0.60763,1.6067,-1.2786,-0.14856,0.26312,0.97481,-0.12325,0.57747
-0.93789,-0.88749,-1.6616,0.081544,-0.6737,0.0064569,1.5692,-0.44202
0.95252,1.7037,0.40427,-0.14588,-0.59404,-0.46185,0.23783,-0.74497
1.2994,0.41731,0.92423,-0.043006,-1.1054,-0.35805,0.50333,1.5989
1.1058,-0.069037,-0.16818,0.37377,0.43701,-0.77003,0.46221,-0.55521
1.3747,-0.98541,0.13011,1.4071,-0.053989,-1.3814,-1.3414,-0.4115
-1.2046,-1.3926,-1.6396,-0.94743,1.4974,-0.072357,-0.0042996,1.6499
0.17885,1.377,0.13516,0.41635,-1.4647,-1.4262,-0.48455,0.35463
0.024367,-1.3038,0.92518,0.77771,-1.7342,-0.95524,-1.4244,-0.60888
0.88264,-0.44774,1.59,-0.66636,1.2098,-0.86782,0.62367,-0.61796
0.18175,-0.053581,-1.7007,-0.57567,-0.35044,1.549,-1.351,1.5375
0.31415,-0.14871,1.1053,1.1387,-1.4194,-0.39898,-1.1777,-1.0362
-0.61057,0.63653,1.6027,-0.58703,-0.52032,0.63231,-0.31038,0.92239
1.2643,1.0152,-1.3735,0.5635,1.6117,1.1276,-1.4118,1.5458
-1.5557,0.091781,-1.15,1.3077,-0.98565,-0.82241,-0.59942,-1.0531
-0.5105,-0.16262,0.016516,0.82787,0.55004,0.24531,-1.2145,-0.52738
-1.4243,1.0706,-1.0285,0.59134,-1.6007,1.5206,1.4868,0.90948
1.3878,-0.43872,-0.92322,1.1813,-0.35101,1.3921,0.58526,0.69631
0.37346,1.4718,-0.097893,1.6712,0.7243,-1.1635,1.1822,-0.34698
-1.1587,-1.1578,-0.88776,1.533,0.36518,0.33309,-0.60628,0.40835
0.081055,0.39269,1.4643,0.62698,-0.44055,-1.1004,-0.076041,-0.15374
1.7159,-0.16605,1.1486,-0.58058,-0.31961,0.77813,-0.3509,1.0957
0.077105,0.22179,0.26395,0.30426,0.10276,0.59124,1.1234,-0.59975
0.97455,-0.056138,-0.44688,1.3649,-0.84659,-0.84053,-1.4208,1.018
-0.060482,-0.66453,-1.149,-0.69339,1.3754,0.82547,0.2196,-0.76253
0.81656,1.3294,0.16116,0.6803,-0.079718,0.41952,-0.95204,0.82479
-0.38295,-0.93884,-1.5461,1.2276,1.4661,-0.8049,-1.7194,-1.0852
0.87597,-0.6387,-1.1069,1.6581,0.91754,0.60173,-0.22567,1.0634
1.7074,-0.091259,-0.11806,0.1888,-0.86389,-0.019718,-1.2859,1.1758
0.92731,1.4374,0.12394,-0.28296,0.36607,-1.2044,-0.48751,-0.28089
1.1367,-0.87803,-0.38021,0.51975,-0.50794,-1.3878,-1.5708,-0.26888
0.37394,-1.7149,-1.5844,0.90525,1.5816,-0.6261,-1.1425,-0.4318
1.5883,-1.3697,0.63788,-0.026034,-0.10024,-0.894,-0.31501,-0.63107
1.5433,-0.088509,-1.5941,-0.078779,-0.25833,-0.10236,-1.1019,1.3449
0.1923,0.80053,-1.4012,1.0863,-1.4182,-0.83524,0.49068,-0.43748
0.58977,-0.68988,-1.4154,0.68291,-1.2289,1.6881,-0.22262,-0.0062276
0.97111,-0.046314,-0.50125,-0.46803,-0.4406,-1.2698,-0.49923,0.53601
-0.54416,-0.27175,-1.6568,-0.049608,1.2094,-1.1045,-0.66815,-0.745
-0.67877,1.0071,1.6752,-0.091445,0.22266,1.5881,0.61303,0.70327
1.4773,-1.0199,-1.524,1.4196,1.3035,-1.2102,0.5938,1.6853
1.6641,-0.053696,-0.086391,1.1178,1.1746,0.14394,0.49987,0.24353
0.47974,0.33876,-1.7063,-1.4311,-1.7264,0.77309,-0.68398,-1.14
0.62822,1.6009,1.4289,-0.20988,0.85272,1.2711,0.95114,-1.1419
0.52004,0.1213,-0.73347,0.36387,0.95385,0.937,-0.0023222,0.80792
1.5802,-1.0263,0.39991,0.8723,-0.59045,0.4856,0.91272,-1.3251
-1.374,-0.6414,-0.99498,-0.7797,1.5528,0.8347,1.2256,1.0465
0.22515,-0.64542,0.7233,1.3063,-0.88081,-0.28636,1.4493,-0.15408
0.049524,-1.727,0.87609,1.3208,-1.6605,-0.75386,0.58469,0.4134
1.5727,0.24732,-1.7543,-0.85695,-0.49453,-0.59191,-0.19067,0.026406
0.83409,-0.26441,-0.73109,-0.86476,0.47617,1.2197,0.50292,0.81464
-1.6449,-0.70931,-0.60886,-0.94772,-0.99294,0.80277,0.71473,-0.57287
1.4499,0.50726,-0.063108,-0.62893,0.4773,-1.5148,-0.010644,-1.3388
1.0637,-1.6225,0.18768,-1.3974,-0.15741,-1.2666,-0.21308,0.83552
0.70282,-1.7171,-1.4028,0.9329,-1.7283,-0.63425,-1.1171,0.71237
0.98118,-0.041277,-0.95589,1.6797,1.2351,1.1866,0.27588,-0.90855
-1.0457,0.70389,1.043,0.021014,-1.5434,-1.0181,-1.1661,-1.5728
-0.4746,0.58642,-0.037533,1.6294,-0.3538,1.4288,-0.13723,1.2637
0.77923,1.1217,0.77933,0.29352,-1.3264,-0.22641,-0.78488,0.9
-1.5277,1.0647,0.49526,0.55262,-0.43904,-1.1275,0.3028,1.2416
-1.0059,0.15453,-1.5673,0.5106,0.51421,1.7204,-1.3033,1.128
1.1513,1.5559,1.651,-0.16696,-0.087152,1.279,0.84802,-1.7252
-1.6197,0.85919,0.63723,1.0645,-0.54831,-1.6089,0.7593,0.86881
0.88511,0.63673,-0.8258,-0.31083,-1.6669,1.2841,1.3119,1.2234
1.6239,0.78291,-1.0385,-1.0932,-0.66894,-0.67223,1.6131,0.42482
0.83248,1.0775,0.72039,-0.42472,-0.21794,-1.0406,-0.26417,1.3086
0.52789,-1.1589,-0.78918,1.3565,1.1396,0.99208,-0.47163,0.5551
1.2022,0.04067,1.5223,-1.0839,0.93623,1.3017,-1.6608,-1.0763
0.97056,0.32497,0.74194,-0.53774,0.22724,-0.92958,-0.14747,1.6743
-0.68173,-1.2864,1.4101,0.39174,0.63323,-1.2923,0.6234,-0.12026
-0.93437,-1.2951,1.0783,-0.79851,1.608,0.7242,1.5923,-1.5402
0.11172,0.63417,1.1295,0.093826,-1.1926,-1.0434,1.649,-0.91495
-0.55553,-1.4979,-0.96557,0.55055,-0.86983,0.68034,0.44524,1.2435
1.5808,1.0928,1.3804,0.88811,0.066944,1.6546,0.0053933,0.99498
-1.1305,-0.78114,-0.28178,0.014638,0.17193,-1.4827,-1.4244,1.2661
-0.9637,0.10643,-0.8965,-0.36383,0.44463,-0.8525,-1.6828,-0.021329
1.613,-0.57672,1.673,-0.094356,0.62142,-0.069957,0.30785,-0.30947
-1.4347,-0.40178,0.4222,-0.51469,0.25577,1.1423,0.82304,1.5173
-1.5927,1.4428,-0.49786,-1.5414,0.8656,0.90782,0.65617,-1.2814
-0.46183,-0.78761,-0.61004,-0.49909,0.41881,1.3652,1.5678,-0.10013
-0.34585,0.42364,0.85971,-1.4101,1.5144,-0.99604,0.23757,-0.6726
-0.75973,1.5544,-0.65604,0.87584,1.1947,-0.83155,0.67293,0.51801
-1.3899,-0.5902,1.0484,-0.50563,-0.093166,-1.381,0.15181,0.13292
-1.3781,1.6268,0.39464,0.57996,0.027962,-0.15809,-0.082268,1.3839
-0.49663,0.089691,0.50261,-0.45896,0.38228,0.13982,-1.2504,-1.1918
-0.37374,-0.43128,-0.15697,-0.32591,-0.39265,0.79817,1.424,-1.6129
-1.4726,0.90121,-0.24305,0.16308,-1.276,0.33334,0.023269,-1.6085
-1.5024,0.69395,0.61886,-0.52632,-0.45329,-0.78956,0.58043,-0.9175
1.1085,-0.27626,-1.3793,1.1634,1.1434,-0.18223,-0.37247,-0.095447
0.44237,-0.19152,1.1893,0.55971,1.2115,-0.61169,0.68017,-0.39141
1.1323,-1.0318,-1.5611,-0.80029,8.8117e-05,1.6375,0.24059,-0.33672
-0.54216,-0.65557,-1.0088,0.72122,0.72612,1.2223,1.5141,0.4419
0.59648,-1.1329,-1.7304,-0.0026367,-1.392,0.35116,1.1733,1.2722
1.4567,1.4692,-1.5484,-0.96603,-0.36921,-0.42732,0.99922,-0.048846
-0.20045,0.49935,-0.4095,-0.49438,0.80595,-0.0084868,0.5141,-0.47277
0.8413,0.64621,0.9887,-0.8593,-0.92054,0.72471,-1.4862,-1.0574
1.2681,-1.644,-1.363,0.75836,-1.2649,-0.67839,-1.13,-1.1629
1.7221,1.6821,-0.91613,-1.061,1.1518,-1.6348,1.5627,1.2806
-0.38762,-0.24166,-0.83995,-1.4569,1.2476,-1.4113,-0.38939,-1.5568
-0.63163,0.65037,0.33308,-1.1286,-0.70968,1.3318,-0.70839,-1.1689
1.3146,-0.12323,0.10086,-1.2544,0.2732,0.2804,1.0207,0.8337
0.42741,-1.0865,-0.38088,-0.73826,0.6269,-1.6149,0.61009,1.2652
0.78239,1.1329,1.423,1.6346,-1.6348,-1.0391,0.89778,-1.6501
1.4368,-0.77692,-0.78316,-0.32195,-1.4055,-1.0291,1.0055,0.69263
1.5915,-0.64405,0.54629,-0.047703,-0.61905,-0.46646,-0.38164,1.336
1.6278,0.45682,1.5509,0.96949,-0.67928,0.47186,-1.6157,-0.63557
1.5672,-0.63364,1.1234,-0.49877,1.36,-0.15204,0.92068,0.81703
0.57521,-1.3654,1.5926,-1.4403,1.1968,-0.072474,1.4183,-0.91168
-0.063351,0.97251,-0.47135,1.3369,-0.5743,-1.4437,0.50321,1.1783
-1.2853,0.65804,0.39983,0.82286,0.036741,-0.48759,-0.093498,1.262
0.66888,-1.4631,-1.2185,0.036456,-1.698,0.99779,0.30727,-0.69366
0.71246,-0.90384,0.99791,0.0077914,-0.99072,0.97816,-0.27879,-1.1853
-1.2486,-0.93615,0.5645,-0.83609,-0.42264,0.45242,-0.74415,-1.6744
0.20221,-0.73182,-0.82541,0.32254,-0.66041,-0.041768,-1.6386,-1.3187
-1.3424,1.0053,-1.1516,1.6907,0.012612,0.24182,0.35488,-0.83125
0.27651,-1.062,-1.3079,1.6516,-0.42991,-1.264,0.93465,-1.5925
-1.639,0.88276,-0.48579,-1.5175,-0.50078,0.14611,-0.83965,0.70594
-1.4542,1.7149,-0.33952,-0.87328,-0.48677,-0.66115,0.26986,0.70721
-0.59827,-0.27676,0.42387,-0.93192,-0.48502,0.45323,0.073085,1.3353
-0.47855,-1.7015,-1.6497,-0.85017,0.23045,1.6208,-1.2265,-1.5679
0.56578,-1.1956,1.3584,-0.29236,-0.77653,-0.90574,1.7,-1.7268
1.6172,-1.5469,1.2094,0.91438,0.62325,1.3021,0.34091,-1.0024
-1.1722,0.1569,0.57318,-1.6334,-0.81489,-1.1144,0.22755,0.25031
1.3832,1.2703,1.1511,1.1786,0.83658,-0.10052,-0.97162,0.90642
-0.9982,0.014766,0.056364,0.74299,-0.087307,0.051034,0.62822,1.3993
0.7587,1.6491,-1.0581,-0.40728,1.4137,-0.716,-0.61147,-1.2054
0.57213,-1.0625,1.1667,-0.19489,-1.7127,-1.2881,-0.13841,-1.1905
1.7021,-0.37975,-0.69637,-0.09949,0.10962,0.067253,1.0975,-1.3961
-1.6287,-0.6514,0.4793,0.54047,0.13822,-1.0299,-1.6167,-0.76784
-0.25733,1.3882,-0.34653,1.5632,-1.6078,-1.0826,-0.14787,-1.3704
0.46263,0.66533,-0.48707,1.0394,-1.2785,-0.82663,-0.087869,0.036046
-0.23558,1.3409,-0.57419,0.1648,1.5829,0.61918,-0.041001,1.6836
0.62538,-1.2827,1.5612,-0.24553,1.4891,0.12065,1.6358,-0.40119
-0.37885,0.34458,0.064222,-1.0425,-1.3676,-0.65243,-1.3472,-0.22461
0.15182,0.55232,1.4316,-0.19592,0.91214,-1.576,0.8214,-0.71705
-1.66,1.2514,-0.19618,-1.5437,0.74177,0.075026,-0.77561,0.93377
1.5674,-0.64559,0.59825,-0.91914,0.43166,-0.43659,-0.67553,-1.415
1.1322,-0.33437,0.33817,0.74592,0.8412,0.79714,1.3074,-0.12643
0.16978,-1.6898,0.54384,-0.78225,-0.7633,0.31999,-1.5965,1.3162
0.40799,-0.12978,-1.3973,-0.21123,0.28278,-0.16305,-0.74225,-1.6376
-0.29427,-0.19636,-0.34095,-1.1883,-0.87897,0.010136,1.5358,0.041812
-0.43091,-1.2663,1.2245,1.1903,0.70494,-0.013433,0.24215,0.42788
0.19772,-0.30536,-0.96989,-0.15846,-0.18481,-1.1849,-0.257,-0.82007
1.2635,1.4582,-0.94448,-0.34925,0.60429,1.0724,0.96937,-1.1205
-0.32517,0.74881,-0.11326,-0.8239,0.70587,1.7163,0.23053,0.50881
1.3636,-0.43161,1.0341,-1.6439,-0.16077,0.26322,-0.089179,1.2009
0.043243,-1.2471,-0.51988,-0.95937,-1.1571,0.44941,1.4173,-1.6208
0.37472,0.30066,0.24406,0.88269,1.1988,1.0038,0.71242,-0.9294
-0.75457,-0.35387,-0.98672,0.81109,1.3677,0.96189,-0.059485,0.30213
0.89744,-0.68339,0.2659,1.5239,1.4002,1.3578,0.72969,0.90896
0.62355,-0.74224,-0.90924,0.99942,0.58443,-0.44345,1.5161,-1.3413
-0.95717,1.0798,-0.53786,1.136,-0.29367,0.59874,1.6797,0.048829
0.40189,-1.7165,0.15053,0.981,-0.47398,-1.3069,-0.83862,-1.6258
-1.0378,-0.62865,1.3371,0.17767,-0.47919,-0.81113,1.4044,-0.54121
-0.313,-0.07667,1.1655,0.95404,0.82633,-0.55867,-1.3411,-0.9166
0.7226,0.6359,0.3552,1.7313,-0.73427,-1.4137,-0.064348,0.3422
-0.90711,0.45641,-0.49572,1.2189,-0.6663,-1.4233,0.84493,0.0905
-1.4224,-0.5192,1.1908,0.62333,-1.0123,1.2787,0.12947,-0.59225
1.4388,-1.5183,0.24014,1.0931,1.5596,1.3473,0.69914,1.0471
-1.6157,0.2151,-0.17555,0.58464,0.33922,-0.89059,1.076,1.6277
1.2245,0.61158,0.72903,1.5513,-0.65567,1.195,1.6491,1.2835
-0.79345,-0.055084,1.4304,-0.40778,0.21181,0.079774,0.21753,-0.20634
-1.4736,1.3472,-0.4452,-0.41848,-0.81326,-0.26095,1.5542,-1.6644
-0.97763,-0.24325,1.2926,-0.39031,-0.14641,-1.2598,-0.30928,0.3565
0.35054,-0.47215,0.25681,-0.0073718,0.00054493,-1.6416,-0.18823,-0.49902
-0.019306,-0.24717,-0.62234,0.70118,-1.702,1.1432,0.84186,0.54931
1.41,-0.057513,-0.39919,0.80513,0.21087,0.20529,-0.052615,-1.4237
-1.5995,-1.595,0.42665,-1.3834,-0.0092122,0.77293,-0.015528,-0.45009
-1.7189,-1.6614,0.0030997,0.80731,-0.9325,1.6912,0.81963,0.29257
-0.85297,-0.068717,0.88229,-0.16464,-1.2435,1.0232,-1.2998,1.5721
-1.4103,-0.7808,-1.2407,0.7552,1.0536,-0.93023,1.1301,-1.2061
-0.34982,1.2428,1.0629,0.29943,1.4517,-1.3241,-1.5587,0.41449
-0.59933,0.65476,0.34454,-0.6579,1.3261,-0.96324,-0.39353,-1.5017
-1.0213,1.0838,1.1258,-1.6717,-0.13894,-1.1066,-0.14967,-1.6599
-1.1091,-0.65386,-0.32277,0.2268,-0.88738,0.40017,0.10442,1.1441
-1.2104,-1.3451,1.5315,-0.065695,-1.0766,1.3271,0.077596,-0.49675
0.29645,-0.45541,-0.44428,1.2478,0.12064,-1.6024,1.1981,1.2041
0.44529,-0.19722,-0.11226,0.31434,1.6657,1.0251,0.28714,-1.7327
-1.3456,0.46021,-0.21757,-0.38146,-1.3845,1.3445,1.5166,1.4341
1.5418,0.45357,1.701,-1.0777,1.4951,-1.6921,-0.57384,-0.11545
0.08779,-0.37459,-1.1148,1.1319,-0.77769,1.2621,1.5285,-1.1573
