-0.48462,-0.16316,1.6307,-1.2765,1.4964,0.51419,0.84831,-0.44281
-0.25185,-0.80865,-0.92261,0.064068,0.84427,-0.094805,1.0549,0.29228
-0.089187,-1.6491,0.63798,-0.45015,0.33863,-1.1611,-1.7277,-1.6536
1.3697,-0.39798,1.5983,-1.1394,-0.68413,-0.81445,-0.24554,-0.85921
-0.39795,1.4645,-1.7362,-0.19253,-1.3286,-0.97271,-1.4197,0.89798
0.77748,-1.4966,-0.42567,-1.4066,-0.26588,1.1942,-1.3275,0.93314
1.5251,1.0094,0.92264,-0.75698,1.3873,1.5272,0.010169,1.7277
-1.0874,-1.685,-0.86811,1.0208,-0.075848,-1.0799,1.2461,1.2548
0.55107,0.67829,-1.4905,0.13895,-0.85944,0.0018203,-0.82675,0.013144
-1.2567,-0.60968,1.4785,-0.0047748,0.53394,1.6157,-1.2262,-0.68958
1.2831,-1.5675,-0.76895,-0.67101,-1.646,0.39905,1.1206,0.73244
-0.53865,1.1202,0.0086518,0.046137,-1.4214,-0.47306,1.5016,1.0456
-0.173,0.69306,-1.207,-1.3087,1.7091,1.0859,-1.5664,-0.62206
0.47471,0.049177,0.8357,-0.31134,-0.43192,0.20335,-1.1179,-0.69681
-1.4378,-0.38425,1.336,0.63467,0.62374,0.27596,-1.5834,0.52339
-1.1656,-0.44685,-1.2752,1.1746,1.2502,1.4858,-0.62711,-0.35353
-1.1685,0.34164,1.6905,-0.67046,0.67709,-1.0516,0.044026,1.1496
-1.6655,-0.10408,1.2734,-0.72773,1.7218,0.49269,-1.2286,0.45551
1.1859,0.64508,1.0011,0.70034,-0.59155,1.7041,1.6353,1.1388
-0.026369,-0.54862,-1.0592,-0.92235,0.42098,-0.17866,1.011,-0.87888
-1.0017,1.7216,0.39603,-0.84474,0.63459,-1.706,-1.6061,-0.72589
0.34213,-0.55538,-0.63931,-0.88434,0.75508,0.34085,-0.44495,0.62357
1.2581,0.47187,-1.1905,-1.2508,0.022747,1.5932,0.53141,0.67982
1.0106,0.25706,0.74218,-0.63947,-1.573,-0.20725,0.81289,-0.045847
-1.5881,-0.34663,-1.049,0.70887,0.93663,-1.336,-1.6463,0.010202
0.24126,-0.49775,1.4369,0.67324,-1.429,-1.6686,-1.5729,1.5454
-0.0519,1.3201,-0.22965,-0.76142,-0.82284,-0.41274,1.2673,1.6925
-1.0557,-0.87666,1.4365,1.37,0.76771,-0.97378,-0.27821,0.10455
1.5012,1.0362,-0.59703,0.3384,-0.60109,-1.3301,-0.015308,-0.46328
-0.11101,0.99082,0.82901,0.26925,1.7176,0.39201,-0.22632,1.4433
0.11003,1.5922,1.1262,-1.5047,-0.1265,0.11768,-0.741,-1.3963
1.7017,-1.4883,-1.7606,-0.55794,0.76924,-0.88504,-1.5945,1.7218
1.3754,0.29762,1.1225,0.56307,0.65953,1.5889,1.3594,-0.72808
-1.3508,0.75707,0.95896,-1.1856,0.35665,1.7249,-1.308,1.0335
-0.98136,-0.678,-0.81974,-1.1668,-0.77012,0.22065,-1.3694,0.080915
1.6602,1.46,-0.84045,0.54861,0.48283,-0.48541,0.62078,-1.0695
0.85238,0.65104,0.58679,-1.0782,1.1074,-1.4035,0.046139,-1.1003
1.3915,-1.5706,-0.63365,-1.4782,-0.2479,-1.5824,-1.0216,0.67467
-1.0269,0.5214,0.24338,-0.21905,0.7561,-0.30654,0.28332,0.76751
0.88698,1.1292,-1.7587,-0.82251,-1.6432,-1.0815,0.44235,-0.66537
0.18145,1.1707,1.4758,-1.6929,-0.50128,1.0784,0.92171,0.63639
0.2453,0.53842,0.85905,-1.082,-1.5438,1.536,0.11843,-1.45
0.33923,-0.18394,1.2871,0.70333,-0.77104,-1.3488,1.2039,1.1783
-0.86505,0.70596,-1.3885,-0.58997,0.69791,1.3616,-1.1682,1.7215
-0.662,-1.4112,1.4147,-0.72228,-0.8208,1.1407,1.4627,0.31229
1.4212,0.6193,-0.22494,0.55963,-1.0398,-0.44255,1.0872,0.78569
0.435,-1.4997,1.625,0.33639,1.1623,-0.78623,-1.2378,-1.3622
-0.10877,-1.6268,-1.6784,0.25038,1.6023,-0.14005,0.82737,0.42966
1.0333,-1.6565,0.95577,-1.1712,1.2019,0.011836,-0.04425,1.6968
-0.95238,-0.82371,0.11606,-0.90142,-1.6007,-1.1933,1.1255,-1.3798
0.71729,-0.19752,0.63484,-1.1194,1.129,1.3835,-0.56221,-0.98321
-1.2033,-1.2317,0.46131,1.2529,0.53292,1.3448,0.76842,-0.12298
-0.13891,-0.10207,-0.13504,-0.4977,-1.0664,0.86237,-0.83246,1.4616
-1.4741,-1.0778,1.7125,-1.0027,1.5413,0.58145,0.93237,0.68841
0.3304,0.81593,-0.48272,1.0758,-1.3034,0.21924,1.3824,-0.33254
0.070171,-0.18512,-1.4632,-0.08953,-0.11901,-0.95183,-1.7354,0.87459
-0.10649,-0.54954,-0.14709,1.7067,-0.21848,1.5818,0.097586,-1.1737
0.28879,-1.1411,0.50496,0.94527,1.6176,-0.18431,0.30512,-1.6498
1.4789,0.52935,-1.3222,-1.0119,-1.1612,0.94374,-1.5258,1.4317
-0.20815,-0.80423,-1.5563,0.28268,-0.73811,-0.14468,-0.19325,1.6036
-1.2551,1.147,0.84987,1.7207,1.5478,0.58872,0.1569,0.57963
-0.11982,1.2664,0.48704,0.83667,-1.6775,0.9335,1.4098,0.53892
-1.681,-0.67241,0.29894,-1.4999,1.0793,-1.2163,-1.4308,0.089824
-1.1229,1.5439,0.45622,-1.4453,-1.1432,-0.68676,-1.2073,-0.043861
0.36069,-1.6877,-0.53322,0.16916,0.075222,-0.59319,0.73722,-1.2845
-1.1273,-0.60127,1.0697,0.81589,-0.20073,1.6161,-0.6088,0.24629
-0.029645,1.6064,1.0427,-0.15384,0.90731,-0.72167,0.63032,0.95902
-0.47823,-0.016064,1.3087,0.5312,0.42328,0.11303,1.204,-1.1986
1.6171,-0.17753,0.93845,0.42817,1.4524,-0.70999,1.5515,-1.5327
1.4059,0.43217,0.87893,1.532,-1.3273,1.1766,-0.18514,-0.90784
0.66227,-0.69988,0.75105,0.059039,-0.32293,0.10711,1.4319,1.6673
-1.5086,1.6866,0.021081,0.87461,0.86745,1.0771,1.5628,-1.205
1.1842,-0.66695,0.23961,0.37919,1.7176,-1.5151,0.96587,1.7161
0.54594,0.69599,0.9798,0.0011773,-1.4083,-1.0438,0.27434,0.95004
0.049439,-1.4774,0.61499,-1.4265,0.22151,0.73631,0.07383,0.90514
0.38813,0.068308,0.28073,-1.732,-1.7326,-0.077483,0.3236,-0.55655
-0.34319,-0.88658,-0.92376,0.64489,1.3253,-1.508,-0.47867,-1.0212
-1.1826,1.685,1.3082,0.044439,0.55804,-1.3012,1.1611,1.2458
-1.3843,0.29491,1.3077,0.1623,1.6642,-1.1401,0.00044234,-1.3935
1.4613,-0.22201,1.2648,-0.3013,0.71763,-0.24152,-0.39992,1.3513
-0.94849,0.3374,0.88645,-1.0359,0.62283,-1.1627,-1.591,-1.2935
1.1104,-1.102,0.94823,0.3403,-1.2076,-0.84469,1.2783,-0.81899
-0.050992,0.062011,-0.83835,-1.6556,1.7068,-1.6896,-1.0763,-0.36981
0.41021,1.3148,0.89966,0.76422,1.6425,0.99351,-0.17022,1.2949
-0.65288,1.3758,1.2229,0.06692,-0.87914,0.39791,-1.6648,-1.345
-0.66954,1.4513,1.6022,1.6739,1.5485,-0.026875,-0.36804,1.5727
1.5373,0.96033,-0.87956,0.17119,0.60588,1.3871,0.27148,1.2486
0.57189,0.50583,0.94601,-0.58503,-0.98191,-1.5666,-0.30232,1.5921
-0.50538,0.99104,-0.22316,0.97833,-1.1808,-0.53799,-0.94283,1.4488
-0.23824,-1.089,1.6802,1.6541,-1.046,-0.52731,0.18009,0.42097
-1.708,0.96813,1.2245,0.76222,0.18993,0.71788,-0.62098,-0.6857
-0.59915,-0.85125,1.6997,0.28228,0.024943,-0.45978,-0.19072,-0.61348
-1.3165,-0.499,-1.5445,-1.2224,0.68825,-0.83772,-0.9669,-0.85562
-0.69716,0.051346,-1.3426,-0.77719,1.5045,0.72187,-0.25853,0.30038
0.49128,-0.19792,0.77037,0.2647,-1.4855,-0.078439,-1.0632,-1.2911
0.81734,0.93812,1.052,-0.13466,-0.28431,-1.4758,-1.261,-0.30077
1.2877,1.5003,-1.6998,-1.0338,1.5148,-0.66759,0.48672,-1.2601
-1.6905,-0.75171,-1.5153,-0.05696,0.71788,-0.46732,0.75032,0.66463
-0.98402,1.4289,-1.1616,-1.6304,-1.1408,1.087,1.4129,-1.3267
-1.0267,1.2833,-1.6074,1.6791,0.15914,1.4268,1.4507,0.65004
-1.2459,-0.45326,-0.33253,-0.37831,-0.50795,0.24204,0.41071,1.3809
-1.3352,1.4432,-0.35589,-0.11851,-0.86276,0.10458,1.113,-0.86524
1.5863,-0.81559,-1.7363,-0.14956,1.2132,-0.30769,1.0774,-0.79947
0.34787,-1.0076,1.332,0.67045,0.66044,-0.0055658,1.2906,0.57139
0.097483,-0.014069,-0.89881,-0.17387,1.295,-0.24209,0.37509,1.2847
-0.16582,1.6948,0.4584,-0.26867,-0.3959,-0.075351,-0.25082,1.574
1.0407,-1.6586,-1.2742,0.20658,1.238,-1.37,0.74009,-0.46055
0.079741,0.49025,-1.3956,1.7518,-1.5087,-0.50577,-0.39172,0.15815
1.5475,-0.81687,0.68348,0.76278,0.16063,-1.0582,0.87145,1.173
1.3975,0.42684,1.4786,0.60572,-0.0052961,0.97484,-0.71398,-1.5415
-0.82217,1.3632,-0.29305,1.6419,-0.45185,1.5281,-1.1923,-0.056392
1.5566,-0.08208,0.028799,0.23634,1.3024,-0.8971,1.6004,-0.51901
-0.79405,1.3634,-0.29801,-1.5249,-0.5187,-1.1365,-1.639,0.43377
0.37023,-0.99758,-0.61129,0.30113,-1.2092,-1.5053,0.64158,0.78874
0.95607,0.45978,0.58902,1.0873,-1.7353,-1.199,1.448,-0.21987
0.81139,1.7372,-0.89036,-0.66544,1.6606,0.58521,0.75341,-1.0404
1.2163,1.1637,0.19964,-0.26679,-1.1486,-1.2234,-0.75709,-0.27698
0.52555,-1.7094,-1.4338,-1.2438,-0.81148,0.41434,-1.6234,1.5172
-1.3314,-1.1992,0.16455,1.1106,1.5298,-0.51333,1.2199,-0.51872
-1.5414,1.1353,-0.27084,0.016875,-0.47536,0.91138,1.4326,0.59151
0.4858,-1.4375,-1.4463,0.63789,-0.40525,0.55587,-1.098,-1.3064
-0.84754,0.95238,-0.27811,0.46155,0.25708,-0.89011,-0.1334,1.596
1.2169,-0.49321,-1.671,0.93365,-1.7201,0.61253,-1.0092,-0.89159
0.45336,0.97165,-1.1038,0.7604,1.6576,-0.46692,0.5848,0.75161
0.053315,-1.5979,-1.0281,0.043717,-1.6718,0.38119,-0.38039,1.5763
-1.5073,1.0402,0.94506,-0.79422,-0.17892,-0.035567,-1.1506,1.7172
-0.87778,0.7476,0.92049,-1.4874,1.2432,-0.59501,-0.5723,0.50134
-1.0667,0.86944,0.8918,0.8785,-0.15268,-0.85136,-1.2238,-0.92913
0.055597,1.6711,1.6068,-0.76955,1.5955,-1.285,-0.49389,-1.2112
-1.6364,0.97366,1.1325,1.3849,-1.5975,1.4961,0.99768,-1.5809
-0.88145,-1.3796,0.45129,1.0464,0.28342,-0.12578,0.95493,0.022009
0.1206,-0.42457,-0.92634,0.091764,-1.0662,-0.80254,-0.71144,-0.95404
-1.6239,-0.86536,0.86261,-0.15668,0.96368,-0.48372,0.08167,-0.66172
0.40627,0.88394,-0.033418,-0.57404,-0.52066,-0.37628,-0.37601,-0.48965
-1.1048,-0.66178,-1.0031,-1.5721,-0.017045,-1.6811,-1.1363,0.93046
0.16252,-1.2647,0.45886,0.14855,1.6972,-1.5252,-1.5403,-0.14128
-1.0957,1.1077,-0.34805,1.344,1.442,0.15823,-0.0021325,-0.0093263
-0.99724,1.6116,-1.6909,-0.0098488,1.5419,-1.4889,1.3999,-0.4834
1.1846,-0.92869,-0.58648,-0.7905,-0.71237,-1.2417,-0.15963,-1.1635
1.1563,0.47096,1.408,-0.9336,0.65102,-1.3888,0.86002,-0.24987
1.4535,-1.1145,-0.45857,-1.1927,-1.0219,-0.42195,-1.5223,1.0564
-0.14037,1.0521,0.32411,0.71029,-0.58076,0.3566,0.47868,-0.68853
1.3441,0.37656,1.186,1.3433,-0.11338,-0.35287,0.69104,-1.6748
1.6802,0.10397,1.37,-1.2891,1.1322,-1.6494,0.020084,-0.51048
-1.4481,-0.29997,1.6427,0.27464,-0.37623,-0.56079,-0.27802,-1.008
1.0968,1.4232,-0.3938,-1.5733,-1.0034,-1.563,0.85784,-1.2313
1.191,-0.98061,1.2653,-1.6026,1.1842,-1.0128,-0.27398,-0.34232
-1.0909,-0.13184,1.5361,-1.7022,1.317,0.15181,-1.6907,0.54047
1.6755,1.1413,-0.79875,0.7434,-1.5129,-0.57835,-1.6404,0.59607
0.56342,0.12823,0.97454,-0.15922,-0.069932,0.7293,0.13432,-0.61498
1.527,1.3142,1.393,-1.5022,-1.1625,-1.4339,-0.21959,-0.75659
-1.7347,0.37597,-1.2472,-1.6001,1.0198,0.72462,-0.43778,-1.6438
0.2785,1.254,-0.22573,0.24422,1.0468,-0.70108,1.1283,-1.6146
0.12592,1.4683,1.4422,0.89595,1.2653,0.53714,-1.6222,-1.5331
-0.18092,1.7077,0.23877,0.49032,1.4514,0.75522,0.88733,-1.7272
0.73573,1.0716,-1.6069,1.5606,-0.54394,-0.30334,1.6878,0.39173
0.31599,1.1775,-0.48747,-1.2938,0.19149,0.43765,0.077093,-0.8613
-0.77447,-1.7017,-0.75327,-1.6331,-0.20364,-1.5184,-1.6477,-1.1576
0.55184,-0.18027,0.66962,-0.8325,-0.016823,0.39222,1.2691,0.11919
0.71186,1.718,-0.71806,1.2756,1.6007,0.047387,-1.5245,-0.78128
0.41511,0.48622,0.16261,0.058383,-1.3666,1.4151,0.066886,-1.6308
0.67755,1.6421,0.93938,1.3337,-0.64986,-0.56575,1.2876,-0.068793
0.70034,0.90636,0.9344,-0.87816,1.6164,1.1697,1.0204,1.4311
-1.0783,-1.3099,0.38127,0.39807,-0.071731,1.2847,1.0989,1.3018
0.033805,0.70045,-0.057491,0.71284,-0.39649,1.0531,0.83385,0.086385
-1.1045,0.5938,-1.38,-0.81212,0.13313,0.78895,1.1562,0.82436
-1.2969,0.84784,-0.97399,1.5655,0.52784,-1.337,0.15944,-1.258
0.58299,1.4782,0.34415,-0.49972,-1.7229,1.0693,0.2802,-1.7225
-0.64716,-1.7297,-1.4297,-1.5576,-0.90352,0.10334,1.4269,0.71937
-1.1212,0.24172,1.6329,-1.544,0.96616,-0.9635,-1.4428,-1.2018
1.4999,1.0599,-0.33308,-1.4731,0.98003,0.26533,-1.4797,-1.6496
-0.9128,-1.6045,0.11918,1.4809,-0.21522,-0.63422,1.6707,-1.3419
0.55948,-1.1703,1.5226,0.80719,-0.53147,1.0289,0.21896,1.4132
0.41463,-0.095801,1.647,-0.57688,-1.2271,-0.8614,0.51531,-1.3544
0.73752,1.4661,-0.028524,1.6701,-1.704,-1.2382,-1.6135,0.75036
-0.27721,0.64133,-1.094,-0.021663,1.5063,0.42724,-0.71438,0.37846
-0.99804,-0.82986,-0.5733,0.8668,1.4221,0.6474,-0.44523,1.0185
-0.7895,1.2221,0.34027,1.5415,-0.71621,-0.64467,-0.19615,-0.92412
-1.2549,0.97502,1.1318,1.4057,0.50748,-0.55177,-0.58688,0.54296
-1.1381,1.4479,-0.71829,-0.40848,-1.5462,1.3426,-0.78374,0.90798
-1.6352,1.4646,0.70776,0.59624,1.7232,0.47188,1.1293,-1.3709
-0.89992,0.6097,0.14166,-0.09418,-1.091,-0.68642,-0.49921,-0.99243
0.9678,-0.37801,-0.3963,1.3091,1.7099,0.09015,0.85582,1.188
0.32958,-0.12955,0.89287,-0.67622,0.25406,-1.1905,0.075114,-0.73676
1.6878,1.7372,-1.2648,-0.6284,-0.68093,-0.92117,-1.6682,0.51151
-0.037624,1.1361,0.20386,0.60546,-0.3563,0.86141,-1.5519,0.70295
1.6753,1.5063,1.7145,-0.025802,-0.44221,1.5098,0.50198,-0.32674
0.58873,-1.2793,-1.4292,-0.43954,-1.7208,-1.1093,-1.2978,-0.48059
-1.701,0.50891,-0.045864,1.669,0.31912,-0.035868,-1.0494,0.036565
-0.1145,-0.30666,1.0955,-1.5661,0.31409,0.51944,1.6285,-0.030613
1.4351,0.58523,1.6239,-0.93456,1.7067,-1.6298,0.47159,-1.5159
-1.2389,0.92913,-0.37237,-1.7083,-0.69352,-0.15026,-1.3342,-0.72422
0.87362,-1.5181,0.92274,0.18656,-1.1875,-0.81751,-0.60035,1.5904
1.3382,0.77688,0.86014,0.4805,0.40278,1.6556,-0.97168,0.5992
-0.062344,-1.5208,0.55601,-0.78627,0.46156,-0.30206,1.6339,-0.81446
-0.32485,-1.7243,-1.5311,0.88493,-0.37898,0.51435,-0.85192,-0.38812
1.6395,1.5026,0.32075,-0.44708,1.6302,0.38568,1.7095,-0.72333
-0.18203,0.44168,1.0993,-0.66728,0.79398,-1.1835,0.77316,0.86038
-0.88507,-0.16257,0.84723,-0.45142,-0.79461,-0.46762,-0.64793,0.78792
1.1454,-0.86295,-0.44828,-0.81721,-0.45725,-1.4269,-1.0908,-1.3002
-1.6968,-1.6841,0.16141,-1.0698,0.27191,-1.6463,-0.56167,1.0042
-1.5978,-1.5323,-1.4461,-0.024159,-0.3172,0.035181,0.99181,-0.76564
-0.5097,0.86723,-1.1806,0.80633,0.44921,-0.61035,-0.79175,-1.5637
0.48067,0.087092,0.3475,-1.3016,1.6835,0.12211,1.3347,1.553
-0.53729,-0.50005,-0.86616,1.3196,-0.28412,-0.6624,0.75661,0.61532
0.63864,1.7272,1.096,1.6967,0.76977,1.6304,1.0954,0.2587
1.3416,-1.0576,-0.33621,1.092,1.4471,-1.4867,1.3032,-1.2333
-0.54811,-1.6082,0.58565,1.3103,1.2152,0.23421,-1.2738,-0.93598
-0.24276,-0.29692,-1.4987,0.99317,1.518,-0.44948,-1.0419,-0.49276
-0.6685,-0.74194,-0.51001,0.42684,-0.49654,-0.89475,-1.3055,1.5105
-0.40112,0.07803,0.6757,0.23328,0.57261,-1.2704,0.64534,-1.7083
-0.83228,-0.59796,-1.6424,0.8342,-1.231,-1.533,1.4879,1.0406
-1.5838,1.0864,-0.27919,-0.90278,-1.4387,0.43755,0.67875,-0.75704
-0.60879,1.1656,0.13794,-1.6721,1.134,-0.080017,0.04081,0.027507
0.46843,-1.6495,-1.2089,1.2798,1.0311,1.2968,1.6027,-0.1383
-0.59895,1.4566,1.2935,-0.38994,-1.0161,0.39931,0.17733,-1.6573
-0.79536,1.4316,-0.29945,0.045431,1.6819,-1.4493,-0.10846,1.3079
-1.471,-0.38491,0.58566,0.47514,1.119,0.73348,1.0357,0.62685
-0.7087,-0.34115,0.91277,-1.1278,0.41969,1.1926,1.1346,-1.1589
-0.42385,-0.16117,1.1289,-0.74147,-0.46612,-1.1496,1.3065,0.87442
-1.3588,1.7483,-0.61876,1.7528,0.26132,-0.60514,1.121,-1.227
1.2737,1.4931,0.6578,-1.5517,0.029119,0.12912,-1.3944,-0.14976
0.38774,0.06431,-0.81159,0.22071,0.80824,-1.2304,0.47628,1.2836
-0.23916,-1.4968,0.26179,1.0729,0.96646,0.7128,-1.6788,0.21114
-0.10534,-0.49873,1.5917,0.54543,-0.83383,1.3884,0.55592,0.23278
-0.91157,1.2453,0.10105,0.67615,-0.18014,-1.6988,-0.33898,-1.2182
0.65033,0.74287,-0.64015,-0.34894,-0.51592,-0.52808,1.3891,-0.40788
-0.48468,0.68427,-1.1569,1.4517,-1.0338,-0.93699,-0.57747,0.96984
-0.83132,1.5367,0.22188,1.2865,1.3547,0.95529,1.5778,-0.49616
0.57948,-0.86002,-1.2229,0.48191,-0.83898,-0.76805,0.27743,1.0846
0.83985,-1.5353,0.092515,-0.065721,-0.88804,-1.2187,0.55961,0.22143
1.6,-1.3287,-0.19589,-0.76121,-0.84558,-0.74024,-1.4362,-8.2169e-05
-1.4286,-0.6846,0.47147,1.1239,1.6161,-1.6615,0.26868,-0.80974
1.6014,1.0997,1.6324,-1.1367,-0.84662,1.1844,0.35091,0.22533
-0.26664,-0.48887,1.5005,-0.92662,-1.3686,-0.96191,1.0966,1.5847
1.3918,0.63231,-1.2532,0.15503,0.36174,0.066229,1.0303,1.0995
-1.5669,-1.5439,0.03971,1.301,-1.0931,-0.0053052,-1.7063,-0.6765
1.3766,1.6574,-0.63483,-0.89668,-0.51842,-0.94751,1.3366,0.6843
-1.3975,0.1098,0.59011,-1.3015,0.54393,-0.41932,-1.0942,1.3893
-1.4273,-0.096138,-1.7156,1.1649,-1.1266,0.78124,0.0051225,0.78692
1.205,0.9456,1.4702,-1.4363,-0.96652,-1.6888,-0.29752,-0.035045
0.42405,-1.1028,-0.088803,0.27991,0.043859,-1.522,-1.7224,0.31768
-1.688,0.78635,1.1563,0.78776,0.71394,1.4001,-0.33333,-1.0674
-1.6865,0.11351,0.038843,-0.55934,-1.1536,0.38932,-1.3189,-0.96684
-1.6084,-1.1156,1.6023,-0.62393,0.4428,-1.3527,-0.45259,0.26303
-0.59553,0.33246,1.7176,-1.6494,0.065306,-0.31929,-1.3296,0.81465
0.60101,-1.2413,0.33365,0.044906,1.094,0.34422,-1.3731,1.4729
1.3355,1.0482,-1.4523,0.45794,0.61339,1.3707,-0.71851,-1.5915
1.7049,1.2832,-0.42274,-0.54704,1.1388,0.59763,1.0995,-1.0035
1.4334,0.79779,-0.98143,0.57759,-1.4795,1.52,-0.78995,-0.080385
0.66399,0.64342,-0.69027,-0.81562,-0.73681,-0.10004,1.5195,0.7934
-0.53457,1.6715,-1.4487,-0.48464,1.0194,1.4265,1.0208,0.97187
-1.3529,-0.33254,-0.34855,-1.6114,0.93035,1.1761,-1.5481,0.57169
0.22347,0.85544,-0.61437,1.0117,1.2427,-1.5459,1.1723,1.6381
-0.15683,0.60457,-0.69802,-0.56573,-1.5867,1.4119,0.84754,1.2016
-1.6293,0.66216,0.020142,1.2109,0.6631,0.11921,-0.71682,-1.1777
0.097957,0.015803,-1.4563,0.51913,0.32122,1.6488,-0.55331,-0.71987
-1.1897,-0.71907,-0.94215,-1.0185,-1.351,0.99258,-0.69904,1.337
-1.4655,1.2055,-0.82783,0.14338,-1.2446,-1.5497,-0.63021,-0.567
-0.32731,-0.26942,0.12867,1.3954,0.36511,1.4281,-1.5138,-0.60201
0.78445,1.2673,-0.43018,0.23918,-1.17,-1.4252,0.50653,1.6256
1.6958,-1.4816,1.3802,0.3547,-0.22523,-1.3337,-1.1823,1.6841
-0.80473,-1.5462,1.4516,0.079503,-0.92157,0.72194,-1.4307,-0.065352
0.79869,0.55028,-0.83751,-1.506,1.7075,0.48003,1.7002,-0.77529
0.30424,-0.6271,-1.5728,-0.3742,1.2411,-0.08186,-0.63427,0.20891
1.0009,-0.55203,-0.13616,-0.72552,0.22192,-0.33736,1.6411,1.5945
1.1749,-1.4038,-0.28373,0.62009,1.5499,-1.0708,1.1177,1.5724
-0.23956,-1.4099,0.035618,0.045617,-0.68011,-0.92251,-0.64242,-0.022208
-0.4044,-1.7069,-0.055112,1.3342,0.57329,0.073533,0.55202,0.42927
0.77697,1.0578,0.015652,1.7017,-0.57786,-0.69487,0.021156,1.0989
0.8221,0.38375,1.2207,-0.11771,-1.3019,0.72834,-0.30149,0.91703
-0.2436,1.1487,1.5453,1.6344,-1.4158,-0.45489,1.5641,-0.35781
0.047769,0.91386,-0.42875,-0.77545,-0.35396,0.069901,1.32,0.84804
-1.0065,0.10538,-0.50574,0.4637,1.114,1.1766,0.19441,0.77133
-0.53244,-1.3699,-1.6258,0.60754,1.6295,-1.4193,1.414,-0.50883
-0.56627,1.212,0.76979,-1.0465,0.74833,0.26325,1.5549,-0.92704
-0.10038,-0.67911,0.42009,1.4332,0.24356,0.3848,-0.6067,0.61518
-1.6254,-1.59,0.67808,-0.73953,-1.2796,-0.56119,0.40046,0.45967
-0.45907,-0.87053,0.80622,0.86702,0.35005,1.1947,-1.6503,1.4038
-1.6592,-0.2886,-1.4151,-0.12542,-1.5534,-1.471,1.331,0.75142
0.10878,-1.0512,-0.18553,-1.1838,-1.3009,-0.27796,0.27978,0.97777
-1.0781,1.3162,0.97406,-0.18688,-1.6005,0.80989,-0.73016,0.16467
-0.47218,-0.26765,0.63782,0.45605,-0.18055,-1.1013,1.1403,0.59331
1.217,0.92916,0.39975,0.9026,-0.15874,-1.3423,1.1669,-1.1515
0.43759,-0.15193,-0.82371,-0.86875,0.39624,1.6289,-1.3275,0.31563
1.5694,0.67232,-0.90245,-0.84285,-0.044853,-0.68669,-0.20276,-1.6698
-1.1249,-1.4872,-0.61664,-0.23743,1.0103,1.5017,-0.0078379,1.3064
0.051076,1.5577,-0.97145,0.78406,-0.49373,1.0155,-1.1735,0.56875
-1.5608,-1.497,1.0587,-0.086591,0.96709,-1.1407,0.64168,-1.328
-1.2552,0.42766,-0.4443,-0.50922,1.6573,-1.0828,-0.88864,1.0692
-1.6617,-0.57299,-0.49981,0.50868,-0.51665,0.039101,0.15976,-1.3512
1.4079,0.013528,-0.20358,-1.4021,1.2212,-0.42191,-1.2824,-0.60083
-0.63278,0.83357,1.069,-0.59599,1.3341,-0.6812,-1.0006,0.34617
0.1907,0.012552,-1.5654,-0.18934,-0.87207,0.88508,1.2109,-0.43756
0.63194,-0.53667,-1.5291,-0.29068,0.81924,1.1496,1.5785,-1.6853
-1.1344,-1.5145,0.71472,-1.4895,-0.35071,-0.67154,-0.77648,0.2895
0.38774,-0.18388,-1.3225,1.6286,-0.39178,0.6928,0.090806,1.547
-1.2164,0.62488,-1.0905,-0.65517,1.4303,0.8505,0.23157,1.2177
1.5011,0.34855,-0.44243,-1.528,-1.6356,-1.4913,-1.3267,0.66284
1.192,1.3012,-0.53551,1.675,1.7083,0.62959,1.2611,-0.29005
1.0362,-0.14539,-0.45103,0.47321,1.0314,-0.31696,-0.42275,-0.80133
-0.51511,1.1093,-0.083397,0.33156,0.25983,-1.4552,0.93042,1.1184
-0.72057,-0.83414,-0.80448,-0.21258,-1.2084,-1.5393,-0.81814,-1.2469
-1.2196,0.25667,1.2006,-0.79412,-1.6054,0.85923,-1.6088,-1.0171
1.3912,1.5025,-1.2659,0.053196,1.4059,-0.17149,-0.085864,-1.0275
-1.6671,-0.66634,0.9297,1.3647,1.4113,-0.29231,-0.58791,-0.045526
0.62223,-1.6082,0.8789,0.80597,-1.7303,-1.0826,0.3233,-1.638
0.27315,1.0944,0.021907,1.0806,0.73838,1.6065,-0.34235,1.0006
-1.1631,-0.71438,1.3035,1.119,-0.60601,-0.59369,-0.96827,-0.77186
-1.7401,-0.18013,1.4836,-1.3567,0.11538,-1.5244,-1.7299,-0.0050512
0.70945,-0.9549,1.1741,-0.6417,-0.92671,-0.21579,0.30931,-0.024059
-0.15895,0.53031,0.90038,0.60484,-0.7808,-0.64152,-0.43287,0.54939
1.3769,-0.12365,-0.34172,1.2181,-0.8928,0.38655,0.59096,-0.34441
1.5968,0.14416,-0.71634,0.31696,-0.47261,-1.0924,-1.0899,1.409
0.55254,1.3958,0.41727,0.85247,-0.43171,0.72558,-0.71896,0.95853
-0.64354,0.12552,-0.99945,-1.5813,-1.1025,0.22765,-0.42055,-0.00061147
0.50036,-1.1853,-0.86785,-0.55468,-1.3917,0.40944,-1.6449,1.4837
0.74786,-0.84836,-0.64946,1.6459,1.3762,-1.6988,-1.6246,-0.16073
1.0557,-0.21861,-1.3033,-0.91484,1.1305,-0.42487,-0.29814,-0.37082
1.5892,0.27061,-1.7026,-0.51569,1.2985,-0.45523,-0.6339,1.1475
0.065258,1.5296,0.26937,0.049363,0.52984,0.10115,-0.50715,0.164
-1.1791,1.0833,-1.4704,1.6252,-1.2157,1.2659,0.59181,0.6593
-0.97213,0.57847,-1.1741,1.0728,0.73857,1.5668,0.47709,1.65
0.15143,-1.6777,0.0648,0.8792,1.5326,-0.67979,-0.59082,0.94188
-0.88948,-0.6537,1.3481,0.82749,0.52623,-1.051,-0.18989,1.5967
1.4232,-0.13085,1.4678,0.91827,-0.78469,0.13846,0.21902,0.25163
0.33195,1.0269,-0.90174,-0.61158,0.063118,0.36858,1.5901,-0.029787
-0.42009,0.75902,0.9685,-1.6018,-1.6693,-1.1022,-1.6458,-0.21258
0.25298,-0.84074,-0.67246,-0.61537,-0.23131,1.3024,-0.36764,1.5196
-0.25905,1.1821,1.5795,-1.1802,-0.19968,-1.089,1.131,-1.3158
-1.6729,1.1266,0.7892,-1.6444,-0.88488,-1.5528,0.017065,0.17901
0.076285,-0.59004,-1.5598,-0.74496,0.46444,-1.4228,-0.21072,-0.030853
1.3245,0.36275,-1.5268,-0.31871,-0.34445,1.6015,0.90304,-1.0707
-1.4456,1.5257,0.13481,0.50225,1.6274,-0.60608,0.66236,-1.452
0.63054,-0.34083,-0.28335,0.73652,0.56933,1.5218,-0.75088,-0.79064
1.0164,1.3241,1.4227,-0.39753,-0.56296,-0.34063,-1.6908,0.89244
1.055,0.36342,-0.78809,1.5349,-0.25785,-0.24644,-0.30109,-1.252
-0.4227,1.1921,-1.3162,-0.99483,0.53576,1.411,-0.4846,-0.54748
-1.26,0.76774,1.5424,0.49781,1.6502,0.64488,-1.195,1.1728
0.80128,0.85778,-1.4681,1.6651,0.18968,-1.0131,0.06902,-0.81759
-0.29028,-1.1083,-0.060793,1.3502,-1.3976,0.13852,0.11149,-0.18593
1.6388,0.87433,-0.028038,-0.7352,-1.3252,0.43904,-0.98868,-1.6687
-0.98782,-1.1721,0.4334,1.4355,0.73121,0.19467,1.1958,1.007
1.4039,0.49404,-1.3852,1.2385,0.80273,0.98591,-0.98452,-0.33664
1.1387,0.2155,0.62391,0.90162,1.2384,1.6151,-1.5488,1.2026
-0.43547,-1.0369,0.81208,-0.6863,1.7015,1.2456,-1.4013,-1.168
1.4953,1.2089,-0.13513,-0.61859,-0.33519,1.7138,-1.0182,0.62328
1.7249,0.066593,0.77407,0.013353,1.2393,0.087459,0.039515,0.22956
-1.2438,-0.42107,1.3779,0.34225,-0.40151,0.29014,-1.568,-0.87308
1.5348,-0.24746,-0.76331,-1.136,1.6433,-0.45337,-0.85458,0.22941
-0.65076,0.48674,-0.87706,0.10469,0.74497,0.24581,0.62324,0.89872
0.92148,1.5173,1.0692,-0.48568,0.050652,1.6397,-1.2576,1.665
-0.12191,-0.62759,0.46865,-1.6077,0.96869,1.53,0.65251,0.91835
-0.40551,-1.6054,1.1426,-0.52944,-0.3619,1.5328,-1.2246,0.79809
-0.44121,-0.56785,1.0049,-0.20249,0.045543,-0.35794,1.6202,0.046612
1.2175,0.93909,-0.37966,0.67951,-1.5511,-0.99281,0.45156,0.328
-1.0035,1.3375,1.207,-1.6867,-1.1341,-1.5499,-1.2804,-1.6563
-0.6216,0.73928,-0.107,1.18,-1.4665,0.026231,-1.134,-1.5201
-0.29831,-0.82821,0.98541,0.58562,1.4945,0.95216,0.1319,0.042952
1.3548,1.1537,0.66831,-1.3008,-0.41217,0.56244,0.88584,0.91718
-1.1417,1.2912,-1.0041,-0.44322,0.44108,0.15221,-1.6803,-1.1572
1.4694,0.14536,-0.20056,-1.5112,1.6698,-1.1409,-1.64,0.3487
-1.3462,-1.1832,1.4508,-1.7138,-0.21118,-0.73504,-1.3439,-0.11784
0.31683,-0.43719,-1.4852,0.57348,-0.19809,-0.14659,1.3452,0.15899
0.49302,-1.4347,-0.515,-1.4108,-1.1501,-0.38097,-0.80185,-1.532
-1.3164,0.27215,1.0695,-0.72016,-0.63324,-1.1167,-1.3025,-1.67
-0.86078,-0.12695,-1.3371,-1.4175,-0.97084,-1.3386,0.018164,0.80699
0.21053,0.14677,-0.89214,-0.88279,0.12329,1.0227,1.2146,1.5116
0.95283,-0.60071,-1.398,0.021667,1.432,-0.10238,0.30322,-1.5301
-1.5244,0.63063,-0.030333,-0.068549,-0.74219,-0.28056,-1.0591,0.79757
-1.7414,-0.0027562,-1.2299,-1.5493,0.91931,1.0082,0.019074,-0.23525
0.56762,-0.29511,1.0499,0.65582,0.54425,-0.71474,1.3959,1.6526
-0.72751,0.19976,0.75198,-1.4234,-1.1203,0.47045,-1.5897,1.5666
0.59936,1.5049,-0.81276,0.24411,-1.3013,1.3755,-1.2335,-0.99919
-0.012839,0.15487,1.3388,0.93329,0.11935,-1.1577,1.2465,0.62306
1.0954,-0.85496,-0.1128,-1.5009,-1.0923,-0.054339,-0.4647,-0.57279
-1.0808,1.3502,-1.3011,1.5074,1.4394,1.3018,1.0038,-0.45266
0.93011,-1.368,-1.4104,-1.4769,-0.46757,0.77868,-0.6133,-0.0056341
-1.3781,-1.497,0.81576,0.85618,-0.93243,-1.614,0.2634,0.86994
-1.4413,0.80231,0.21285,-0.045321,-1.1193,1.5215,1.441,-0.17061
1.0391,-0.44748,-1.1327,-1.6994,0.42989,0.64925,-0.48452,-1.3264
0.6637,-1.0604,-1.7247,-0.92451,-0.16482,1.218,-1.7245,1.3479
-1.4458,-1.5673,0.062309,-0.52014,1.0578,0.6968,0.81664,0.74986
-0.096787,-0.087094,0.91346,1.258,-1.2666,-0.1728,1.564,0.6564
-0.63319,0.78065,-0.88217,0.92327,-0.082385,-1.5128,1.1214,-0.39429
-0.092056,0.84382,0.61269,0.34595,-1.3548,0.23582,0.69899,-1.6604
-0.59532,1.1085,-0.26343,-1.5348,-0.66863,1.3952,-1.4215,-0.59503
1.3333,-0.5249,0.55901,-0.60074,0.5653,1.066,0.49876,-0.89517
0.042666,0.45454,-0.57656,0.25484,0.24633,-0.82642,-0.35767,-0.21268
-1.5114,1.6778,-1.6762,-1.1139,0.91577,1.691,0.75395,-1.4017
-1.0415,1.6612,-0.48516,-0.76056,1.6656,-0.21181,-1.0776,1.3033
0.79511,0.025932,0.34269,-0.127,-0.19961,-0.55163,1.2006,0.67346
-0.84197,1.316,-0.88889,-1.6022,-1.3152,-0.45592,-1.5326,0.42714
0.51292,-1.2028,-0.69116,1.7357,0.81656,-0.70234,-0.25107,-0.56327
-0.52864,0.94621,0.8575,-0.51138,-0.11057,-1.6353,0.15512,-0.2574
-0.49115,0.73605,0.30744,0.7416,0.22996,0.10782,-0.86921,-0.47718
-0.32537,-0.31782,1.1857,-1.1705,1.0311,0.58936,0.22122,-1.0315
1.1118,1.0464,0.075518,-0.47882,-1.0671,0.70503,-1.0438,-1.4409
-0.12332,-0.59281,-0.55268,1.388,-0.44065,-1.159,-0.92035,-0.85085
1.7133,0.30156,-0.8805,0.71824,-0.87218,-0.56953,-0.34601,0.38477
-0.32313,-1.1162,-0.6102,-0.6217,-1.1518,-1.4371,-0.10056,-1.017
1.2492,-1.2335,1.3875,-0.35828,0.46876,-0.44282,-0.41226,0.9845
-0.2469,0.091224,0.93215,1.4179,0.15268,-1.4732,-1.5035,-0.0061522
0.087534,-0.81855,1.3918,-0.22961,-1.2762,0.74246,0.80514,1.0823
0.34784,-1.3417,-0.76199,-0.34258,0.086916,0.17921,-0.10085,-1.6243
-0.71846,-1.2968,-1.4577,-1.4754,1.1456,0.26698,-1.1409,1.3999
1.6195,1.5765,-1.7207,-0.051991,0.10092,-1.1205,0.26682,1.3621
-0.16822,0.10385,1.4603,-0.014901,0.061545,0.15251,0.10317,0.19011
-1.004,0.50456,0.62736,0.24554,-0.77868,0.81588,0.20928,0.37037
1.2694,0.5561,-1.0875,0.18311,0.82401,0.19464,1.6673,0.73177
-1.7074,-1.7243,-0.10693,0.9353,-0.84965,-1.5272,0.87641,-0.77449
-1.6894,0.81188,0.64048,1.1677,-0.3661,-1.1408,0.66928,-1.1912
-1.2265,0.41742,-0.35076,-0.35701,-0.052614,1.5205,-0.30905,0.6999
-1.7119,-1.3037,0.87901,0.73058,-1.3249,0.78525,-1.169,-0.60254
0.74476,-1.3061,-1.1284,-0.31503,0.62747,-1.248,1.4914,0.42891
0.63816,-1.1069,0.64728,-0.97669,1.0687,0.06107,1.2508,0.83688
1.3049,-0.58651,-1.1159,1.0916,0.77526,1.2081,-0.67181,1.2302
-1.0322,0.43278,0.39393,-1.2728,-0.49645,-0.81072,-0.62675,0.85196
-0.12399,1.3817,-0.76499,-1.3188,-1.2833,-0.32358,0.40205,-1.4143
-0.89495,-0.20863,-1.5145,-0.047334,0.08242,-1.6477,0.71166,-0.7043
-0.90877,-1.1148,-0.83373,1.4787,-0.51752,0.0030515,-1.0037,0.56976
1.6274,-0.91505,0.87035,1.5852,-1.6436,0.81854,0.82573,0.12302
1.3885,-1.0358,1.1104,-0.59771,0.52203,0.89148,0.67905,0.52902
-0.20454,1.2826,-0.95357,-0.66093,-1.2381,-0.96543,-1.0741,1.6579
1.5492,0.79975,0.3426,-1.472,1.6788,1.2525,-1.0958,0.67925
-1.2099,1.2787,-0.39671,-1.3941,0.11749,1.6142,-0.179,0.78182
-0.90242,1.6226,-0.74804,0.82822,1.4472,-0.10977,1.2244,-0.12387
-1.2571,0.91154,-1.1221,-0.12485,-1.6919,0.17431,-0.94339,0.10067
-1.2887,0.73001,1.6591,1.025,0.055175,-1.296,1.3631,1.3021
-1.0865,-1.1663,-0.93641,-0.94545,1.1775,1.6932,1.2646,0.47424
-0.30027,-0.26241,-0.33349,-1.6127,0.94143,-0.65894,1.0655,-0.097798
1.2274,0.33169,-0.34655,0.55174,0.38943,1.0629,0.70396,-0.72992
0.31973,1.6704,-1.5095,-0.96203,0.97895,-1.5122,0.045849,0.34948
0.86524,-0.74903,0.36073,-0.35562,0.89095,-0.9449,-1.5029,0.53743
-0.69084,1.108,1.0907,0.29429,0.78015,-0.7217,-0.25736,-1.5136
-0.24679,0.37311,0.80108,1.1113,1.7109,1.448,0.41677,1.1068
-0.079835,-0.63174,-1.2949,-1.1775,0.69837,0.56821,0.57106,-1.6223
-1.0883,1.0539,-0.019707,-0.56373,-1.4584,-0.047384,-1.656,1.1552
0.18866,0.79129,-1.1308,-1.5857,-1.569,0.68674,1.4855,-0.13196
-0.22691,0.57478,0.58075,1.101,-0.72589,0.18017,-0.32939,-1.5957
-1.452,0.16291,0.14575,-0.20187,0.80517,0.39424,0.87101,-0.62821
-1.4921,0.95579,1.4487,-1.7088,-1.0204,-1.4289,1.1902,0.62594
1.0582,0.96307,1.1509,0.71973,-1.4888,0.86145,-0.81734,1.6056
-0.70333,-0.39265,-1.6964,0.94752,-1.4853,-1.0578,-0.76937,0.93502
1.0085,-1.2993,-0.22431,-0.6639,0.18381,0.67611,-1.5982,0.23862
0.50625,0.51527,-0.30464,1.0186,0.43929,-1.0647,-0.24959,0.099173
-0.012461,1.719,0.078533,0.12919,0.27896,-0.29373,-1.4609,-0.28694
1.3102,1.3502,-0.08953,0.70812,-0.26917,-0.37114,0.15386,0.6784
0.82599,0.97997,-0.86056,-0.23684,1.3928,-1.5123,1.2204,-1.2003
1.2965,-0.8392,-0.87093,-0.32417,1.4433,0.31642,-1.3601,-1.3666
-0.87473,0.56924,0.30673,-0.14759,-0.26937,0.4664,1.5583,1.5058
1.1338,1.5942,1.6119,1.2956,0.0092074,-1.2692,-0.59549,0.54939
-0.13069,-1.154,0.23024,0.72617,1.3755,-1.4846,0.97105,-0.46468
0.94904,-1.4579,0.97358,-0.98608,-0.86815,1.0858,1.0994,-1.6734
1.0855,1.2472,0.70481,-0.65363,1.2438,-1.5853,0.22094,0.97248
-1.4042,-1.0258,0.78115,-0.0084563,-1.3348,1.5028,-1.6912,-0.99559
-1.5529,-0.62163,0.7972,0.25136,1.1758,0.38551,0.95655,1.5901
0.28276,-0.19132,0.83586,1.6708,0.43332,-0.07349,-0.35312,-0.57238
-0.94769,-0.85372,-1.1305,1.1741,-1.1912,-0.023709,1.0039,0.51658
-1.6296,-1.568,0.48678,1.2817,1.3749,0.71341,-0.15431,-1.0932
-1.2031,0.082155,-1.3958,-0.92121,0.75547,0.20741,-0.0052123,-1.1867
0.81756,-1.3874,1.1032,-1.5467,0.063185,-0.45122,0.49021,-1.1941
-0.30623,0.38391,0.85787,1.3279,0.7454,1.2918,0.09257,-0.55305
-0.66259,0.33138,0.29614,-0.54047,-1.2859,-0.63708,1.3723,1.6601
0.7852,0.57839,-1.0731,-1.1607,-0.028457,0.86761,1.4653,0.71688
-1.1992,1.4333,-1.2091,-0.013009,0.74867,1.4364,1.6722,0.69386
-0.19213,-0.45889,0.89242,0.6016,1.5039,-0.25255,0.70208,0.02651
1.4132,-0.32297,-0.73946,-1.3916,-0.94704,1.2353,-0.13652,1.5596
-1.0432,-0.85469,0.059671,1.4438,-0.16739,-0.19719,-1.6014,-1.3352
-0.40046,1.5501,0.75662,0.80698,1.6701,-0.094837,0.20126,1.3702
-1.2275,-0.69362,-0.88383,-1.2038,0.076578,0.47856,-1.7298,1.5274
-0.18032,-0.6778,-1.1567,-0.63123,-1.5526,-1.2961,0.5564,-1.6296
0.86758,1.7105,-0.3119,-0.31323,-0.81342,1.7268,-0.44265,0.92354
-0.41272,-1.3538,-0.41584,-0.12778,-0.80936,-0.13889,-1.2517,1.3943
-0.020117,-0.42633,-0.49569,0.3569,-1.6583,-0.67472,1.3361,-1.0224
0.2264,-0.25179,1.4911,-0.27783,-1.3879,0.04086,-1.6074,-1.1791
-1.1619,0.29483,0.77308,0.65642,-0.090534,0.19915,-1.3953,0.10844
-0.10532,1.6343,0.52373,-0.34935,0.29277,0.11122,0.46892,-0.92686
0.69967,-0.79301,1.6336,-1.5089,0.38968,0.35981,-1.419,0.93975
-0.90949,-1.2005,-1.5962,-1.52,1.0339,1.2597,-0.5564,-0.77657
0.89284,0.87509,-1.7665,1.2692,-1.3027,-1.3227,-0.12926,0.87633
-1.6484,-0.23774,-0.80979,1.183,1.0003,0.87377,-0.83215,1.1614
-1.1942,0.1454,-0.2388,1.1084,1.5437,-0.69162,-0.41229,0.69212
0.24425,0.98547,-0.10746,0.45359,-0.52022,1.5848,0.84303,-1.0581
-1.6689,-1.5588,-0.3288,-1.6115,-1.0121,-0.30271,-0.48433,-0.78402
1.0179,-0.18371,1.5579,0.030561,-1.4182,-0.48287,-0.94715,1.3228
-1.0118,-0.74814,-0.61961,-1.3315,-1.2094,0.26607,-0.49646,-1.1629
0.076502,-0.27951,1.7001,0.43452,-1.2906,-0.48265,-0.49293,-0.56917
-0.64859,-1.2853,0.31932,1.5927,0.16769,1.3226,-0.60708,1.658
-0.9876,-0.52589,1.6992,0.31691,0.53551,-0.35034,-1.6385,0.57815
1.6907,0.82283,0.71791,0.45743,-0.31848,0.23483,0.53425,0.050403
1.4249,-1.0625,1.6395,0.73852,0.049789,1.514,0.17469,-0.39118
-0.37157,-1.1451,0.7927,-1.03,-1.1041,-0.23746,-0.81482,-0.36458
0.35261,0.93547,1.4788,-0.53292,-1.471,-0.66699,-0.040312,1.6107
-0.090818,-0.26167,0.31839,0.50718,1.0225,1.4056,-0.84248,0.87438
1.3381,1.1189,0.86471,-1.5703,-0.91681,1.363,-1.0891,0.39849
-1.3085,-0.0012747,0.53171,0.8467,1.0405,0.45681,-0.050684,0.61697
1.4817,1.7493,-1.351,-0.18874,0.70596,-1.3703,-0.71284,-0.059669
-0.39286,1.279,1.4761,0.59353,0.028208,-0.35957,1.4894,-0.80295
1.6517,0.22281,1.4978,0.24955,1.7047,1.3104,-0.29114,-1.7087
-1.4549,-0.74265,-0.13765,0.56274,-1.4851,-0.27807,-1.2144,0.23866
1.5673,-1.1121,0.76001,1.4909,1.432,1.5997,0.11079,-0.98726
-0.66022,-1.0014,-0.47639,-0.76279,-1.4507,0.34425,0.49146,0.92661
0.5348,-1.2916,0.32996,-0.67615,-0.99097,1.567,-1.2426,-0.90496
-1.479,1.3341,-1.4518,-1.3263,-0.25016,0.18995,0.2702,0.50658
-0.60833,-1.5499,1.6586,-1.324,0.08897,-0.46422,-0.015004,1.1393
0.76938,0.57386,1.4365,0.36712,0.28652,-0.27585,-0.39005,0.066851
-1.7399,-0.088444,0.63291,-0.70289,1.0177,1.4587,-1.3268,-1.3165
0.99146,0.17104,0.68469,0.99388,-0.15859,-0.92994,1.0602,-0.98607
0.057064,-0.5137,1.7112,0.069885,0.34748,0.58699,0.35845,0.87366
0.26197,1.0671,-1.5305,0.057958,-0.47484,-1.3637,-0.73098,-1.2384
0.55476,0.071829,-1.3756,-1.3208,1.6268,-1.4999,1.5131,0.16935
0.75537,-1.0781,0.65472,1.4415,1.3597,0.60689,-0.71661,-0.51256
0.40733,-0.46488,0.66839,0.058098,-0.032966,-0.58039,-0.81644,-0.8012
0.14657,1.1082,-1.4746,0.39063,1.0456,-1.1273,-1.2301,-1.6455
-1.6348,-0.5123,-0.25028,-0.51345,-0.045421,0.91156,0.77769,0.5167
0.87598,-1.2128,0.034709,-0.94234,1.718,-1.5214,-0.3184,0.50514
0.75863,-1.4415,-1.0524,1.3853,-0.29771,0.40176,0.58693,1.721
0.78964,-1.1107,0.95267,1.7326,-1.4817,-0.31259,-1.0102,0.019773
1.0012,-1.4909,1.5817,-1.0002,0.75708,-1.004,-0.31807,-0.73069
0.14674,-0.44772,1.4402,-0.21545,-1.4008,-0.64352,-0.22642,1.2559
0.89883,-0.41266,-0.75112,0.061012,-0.034464,1.6151,-1.5465,-0.88355
1.5615,0.90395,-0.20036,-0.96793,-0.1985,0.067048,-0.44812,1.3232
0.45317,1.4019,-0.13199,1.3875,0.93947,-1.6608,0.80312,1.5386
-1.3604,-1.1054,-1.5214,-0.9551,-0.39329,1.4728,0.23615,1.1151
0.42907,-0.9258,-0.71514,0.0026878,1.1223,1.0487,0.63609,-1.142
-0.95052,-1.2572,-0.6019,-1.674,-0.14544,-0.93421,0.6955,-1.4911
-0.62622,0.59865,-1.3555,0.42595,0.83467,-0.73469,-1.58,1.7178
-1.4674,-1.645,-1.0583,-0.74255,-1.007,-1.271,1.6644,1.5485
0.13362,1.636,-1.0632,-0.094907,-0.67809,-0.22969,1.7141,-0.61639
-0.31587,0.52255,-1.0121,0.66427,-0.14567,-1.1174,0.053923,1.4513
-0.096836,0.3833,-1.5567,-1.7139,-0.34215,-1.6193,1.6321,-1.2803
-0.24757,-0.44712,-1.1022,1.0486,-0.31872,-0.379,1.3479,0.62019
0.98256,-0.12186,0.75202,0.6219,0.85642,0.80828,-1.1521,0.56783
-1.6974,-0.30985,0.52423,0.45155,-0.86557,1.514,-0.075053,-1.6832
0.049746,-0.66801,-1.2591,1.2402,-0.47297,-1.5672,-1.3104,1.0387
-0.12316,1.474,-0.79744,0.99142,-1.1551,-1.373,0.65053,-1.6494
1.3752,-0.93428,0.85596,0.67239,0.16417,1.7223,-1.4045,0.21494
-1.0299,0.99292,0.52527,0.48654,1.2465,-1.0507,1.3129,-1.4481
-1.3645,-1.0582,0.14059,0.14374,0.12187,1.3847,-0.9143,-1.2169
1.4036,-0.063153,-1.5275,-0.35622,-1.3183,1.4565,-1.0418,-1.1468
1.3922,-0.93107,-1.227,-0.32607,0.32474,-1.5877,-1.0731,-1.1783
-0.92486,-0.87768,1.718,-0.23653,-1.275,-0.90714,-1.5606,-0.80669
-1.005,0.3765,0.47462,-0.44414,0.19556,-0.81161,0.20899,-1.6623
-0.81912,0.31247,0.37065,0.72648,-0.1513,-0.58424,0.31864,1.5663
-1.0581,-0.089771,-0.74849,-0.59491,0.97246,1.202,0.54254,0.2182
-1.0312,1.2359,-0.078105,-0.24428,0.68658,-0.30365,1.4539,0.96461
0.68621,0.57883,0.72451,-0.24947,-1.1875,1.2399,-0.87028,1.2691
1.5753,-1.3399,0.45623,0.59915,1.4148,-0.45576,-1.5109,-1.0819
0.49062,1.2544,-0.29664,1.7396,1.0284,-1.1504,-0.8086,1.3555
0.81973,-0.96774,-0.08466,1.1656,1.1098,0.6776,-0.12383,-1.6189
1.2122,0.58172,1.4489,-0.95829,-1.4893,1.3141,1.564,-1.3404
-0.53053,0.42361,-1.7415,0.33738,-1.0734,-0.21618,-0.2723,1.4274
-0.2732,0.72992,-1.25,-1.1651,1.1147,0.40921,1.7137,0.63782
-1.1366,-0.52033,0.62491,0.6997,0.24884,0.37142,0.053469,-1.697
-0.72041,-0.57014,1.1524,-1.1811,1.5395,-0.75125,0.60477,1.7229
1.4842,0.99859,0.66065,0.67924,-0.96676,0.33896,0.67935,1.4575
1.1925,0.33193,-0.16518,0.24649,-1.5819,0.27658,0.88186,0.017827
-0.96026,1.5138,-0.40274,-0.21724,0.69372,0.52607,-0.045764,0.96293
0.9509,0.70823,0.32927,-0.078873,0.1353,0.21141,0.37248,0.72503
-0.43407,0.96014,-0.83585,0.14,0.86965,0.78055,0.20185,0.19394
-1.0986,0.075841,-0.075859,-1.6979,-1.2863,-0.73985,-0.066302,0.4921
1.3546,0.5171,0.89437,-0.50525,-0.029456,-1.2861,-0.017824,-0.94054
1.5212,0.60148,-0.6386,-1.3001,-1.3632,0.66027,-0.48698,0.16534
0.64265,-0.25195,1.3794,-1.1331,1.0333,-0.87835,-0.82457,1.0204
0.86641,-0.71096,-1.6791,-1.5593,1.5812,0.416,0.22056,1.4685
0.86647,1.26,0.15086,0.40744,1.0937,-1.6112,-0.81458,-1.7028
0.96471,-0.45951,-1.3488,-0.041934,0.42466,-0.29065,-1.2015,0.41928
0.45617,-1.3939,1.0892,-1.0996,0.8857,-0.99499,-1.2161,1.5716
1.5739,-1.4273,-0.71105,1.3008,-0.77145,-0.81194,-1.0048,-1.4295
-0.060925,1.4236,0.14811,0.3954,-0.3061,-0.012711,0.61558,-1.4402
1.7246,-1.7118,-0.039139,0.35348,0.25268,-1.0727,-0.58957,-1.4805
0.9947,0.93491,1.4658,1.0994,-1.1298,1.7146,0.65151,-1.0597
-1.409,1.0193,0.50277,1.7081,1.0466,-0.2669,0.11428,-1.3129
-0.89238,-0.41363,0.88764,-1.0066,-1.6451,0.52824,-0.25703,-1.2417
0.92578,-0.42095,0.25111,0.17885,-0.38351,0.96545,-0.22483,0.31349
0.53787,-1.3726,1.27,-0.028849,1.5219,0.48907,0.086681,0.86033
0.83539,-1.4166,0.59714,0.63942,0.80838,0.84538,0.62641,-0.23256
-0.79801,0.27376,-1.3524,-1.2349,-0.28386,-0.6044,1.052,1.2728
0.079247,0.75423,-1.1853,-0.3154,-1.3149,0.021165,0.063507,1.5663
0.59064,-1.3331,0.92211,-1.1698,-1.5807,-0.43589,0.77969,-0.30366
-1.0966,-0.7147,1.0092,-1.237,1.1709,-1.2983,-0.82438,-0.94124
0.55554,1.2929,0.47983,1.3339,-0.037231,-1,-0.44084,-0.99199
-0.48583,0.93141,-1.3696,-0.25881,-1.6436,1.2788,1.0598,-0.34613
1.5589,-1.1727,-0.015266,-0.63392,1.2805,-1.3376,0.18899,0.52443
-0.97547,-1.4174,1.6168,0.59007,1.7011,0.61776,-0.97591,0.14386
-1.2791,-1.0816,-1.7452,0.86191,0.60386,0.14686,0.0066248,1.611
-1.5647,0.40545,-0.049557,-1.5258,1.5937,0.55777,0.82481,-0.68258
0.49317,0.35161,1.6965,-1.3209,1.4077,0.67144,-1.6816,1.2489
0.026658,-0.34908,-1.341,-1.6193,-1.2926,1.6029,-0.39127,-1.7238
1.647,-1.0893,1.3348,1.4544,-0.94667,0.21211,0.93741,1.4575
0.65495,1.1212,-1.2701,-0.27029,1.3117,-0.91161,-1.7104,0.12973
0.78757,0.95467,-0.40399,0.31836,-1.6227,1.0941,0.33305,-1.3248
-1.4972,-1.5368,0.34162,0.81644,1.0329,1.3413,-0.56377,1.5844
-0.13287,0.93801,0.34524,-0.9755,-0.90718,1.1985,0.45636,1.1638
-0.10133,0.40306,-1.2642,0.98904,-0.39033,1.2325,0.07332,0.065265
1.2249,-1.4799,0.2897,0.54643,-1.5535,0.30148,1.4214,1.4147
0.20642,-1.4845,1.0189,-0.78096,-0.42743,-1.1718,-0.45229,-0.89365
1.0006,-0.31176,-0.41415,-0.13676,1.6427,1.0125,-1.0559,-1.3056
0.16302,-0.76716,1.3708,-0.45282,-0.0050606,0.062454,1.4069,-0.077218
0.80863,1.3699,-0.53507,-1.1167,1.2385,0.11976,-0.79545,-1.4173
0.36555,-0.080817,-0.78011,-1.2656,0.016536,-0.1897,0.033594,0.75649
0.75597,0.20791,-0.46669,1.4465,0.47441,1.4623,0.061365,0.83281
0.88674,0.67042,0.89352,-0.47473,1.2173,-0.24297,1.1583,-1.2154
-1.5361,-0.55543,-0.68912,-1.1586,0.21777,-0.88722,-0.16144,-0.55498
1.2737,-0.63278,0.0025565,-0.78756,0.71805,0.75999,-1.734,-1.0569
-0.051763,-1.2852,-1.2252,-1.6128,-0.42517,0.53888,0.38791,1.5262
1.6587,0.27461,0.19068,0.60873,0.76876,-0.72209,1.1231,0.1763
-0.55943,-0.94407,-0.68344,0.10428,-0.30538,0.66715,-0.033004,0.64998
1.6409,1.3856,-1.1064,1.0772,-0.56198,-1.0418,-1.4353,-0.55934
-0.58707,-0.93905,-1.6616,-1.5119,-1.5194,-1.1619,-1.2117,-1.5552
-0.91775,-1.7183,-0.1878,-0.55922,-0.72507,-1.0768,1.4218,0.1391
-1.6259,0.59559,1.6955,0.66106,0.97293,0.20337,1.4737,-1.3501
-1.2279,-1.2933,0.28529,-1.4624,-1.6484,1.1893,-0.43026,-1.5477
-1.0536,0.43123,0.80759,-1.7301,0.86494,-1.6143,0.39893,-1.6424
-0.16281,1.3854,0.93788,1.1803,1.0317,0.14514,0.073837,-0.50719
-0.56475,0.19996,0.10877,0.98982,-1.5046,1.356,1.2748,-0.063895
0.51508,-1.0306,0.34108,0.94829,1.103,0.22243,1.4865,-0.58418
-0.12908,0.59888,-0.44584,-0.51175,-0.41729,0.35235,1.67,-1.1494
-0.99444,0.92318,0.67419,0.95314,0.66732,-1.4462,0.10954,-1.2897
-0.12144,-0.73846,0.60472,0.519,-0.42723,0.44364,-0.35873,-0.46684
1.4914,-0.4991,1.3019,1.7154,0.49078,0.2713,-0.066358,0.56944
-0.24114,1.4824,-1.2652,-0.53505,1.4282,1.2719,1.2123,1.6398
1.513,-0.81297,-1.5228,-1.5323,-1.0084,-0.021868,0.98668,-0.22668
-1.4322,0.5249,0.20277,0.72107,-1.1096,1.6627,0.62088,-0.33302
0.95271,-1.3545,0.71157,-1.3779,1.1388,0.81319,0.82006,-0.038729
-0.092698,-0.15496,-0.21372,0.65681,0.82408,0.50113,0.19051,-0.60224
-1.6402,-0.21684,0.083703,1.4785,-0.065747,-1.3199,-0.44402,-0.16061
-0.46918,1.0183,-0.99518,0.32591,1.432,0.51015,1.0273,-0.31907
-0.40153,-0.94421,1.1868,-1.261,0.7268,-1.1539,-1.1307,0.70894
-0.85815,0.18165,-0.72693,0.89493,-1.5326,-0.32441,-0.038477,0.26399
-0.14888,0.84014,-0.83591,-1.2885,1.0753,1.5105,0.66281,-1.1302
1.6772,1.1335,1.0772,-1.4354,-0.45173,-0.44786,-0.87755,0.27731
-1.1077,1.2404,0.51617,-1.4005,0.85549,-0.6413,-1.1383,-1.5897
-0.0083276,-1.7226,1.1239,-1.4973,-0.9891,-0.32035,-0.81533,1.5571
1.7167,0.57837,-1.1044,0.30337,-0.31814,-0.81822,0.66053,0.7627
0.55452,0.70753,-1.1485,-1.2862,-0.97425,-0.75297,1.0527,-0.77937
-1.6821,0.32041,-1.3693,0.70083,-1.705,0.38917,-1.0522,0.47574
1.3307,-1.4631,-0.10525,1.7605,0.63671,1.4692,1.5658,1.5534
0.068141,-0.42389,-0.92319,-0.84688,0.899,0.64412,-1.1888,1.4235
-1.2236,-1.597,-1.4447,0.8689,-1.5001,0.23608,0.45494,1.5624
0.78033,1.7267,-1.5918,-1.1892,0.10577,0.94976,0.51554,-0.1112
0.54944,0.58571,0.68126,-1.3326,-0.88294,0.68557,1.1345,1.3763
1.0804,-0.065196,-0.67464,0.45126,0.17184,1.4534,-1.5732,0.37255
1.6075,0.14526,-1.1261,-0.40451,1.042,0.74688,-1.5098,1.4649
-1.0223,0.80252,-1.0275,0.068534,-1.3354,0.9634,-1.0726,1.6444
-0.18978,1.1641,-0.67349,0.2306,-0.37169,-1.504,1.0648,-0.16432
1.1866,-1.4467,1.4427,0.20764,-0.3334,-0.10921,0.25481,0.0099021
0.42685,1.676,-0.04404,1.1017,0.3739,-0.35628,-1.0891,0.57558
0.58431,-1.5331,1.4299,1.6148,-0.054096,-1.3795,-0.30566,0.80335
0.82672,0.76464,0.31815,-0.23144,-1.1027,-1.4025,0.19423,1.2349
-0.82452,0.35254,0.26268,-0.24125,0.36839,-0.54825,1.1128,1.6448
-0.92162,-0.84805,-1.045,0.3499,1.5113,0.33416,-0.13707,1.7053
0.32135,-0.46811,0.07724,0.016739,-1.1251,-0.092236,-0.31081,-0.75534
-0.17265,-1.4058,-1.7489,-1.2157,-1.2167,-1.6297,0.20113,-0.62426
-0.052708,1.634,1.0353,1.6622,-0.76083,1.7233,-1.2888,-1.4269
-0.76181,1.2304,1.0319,-0.2223,-0.1852,0.33869,-0.50273,-1.2517
0.4849,0.89281,-1.3862,-0.47207,-0.045623,0.97531,-1.4282,-0.67301
0.56461,0.6895,0.11721,1.068,1.5778,0.11062,0.10435,-1.0276
-0.80923,-0.8883,0.56675,-0.83774,-0.85327,-0.88038,-0.024888,0.10753
0.49297,1.1716,-0.84582,1.5549,-0.60648,1.3585,-0.7689,-1.0736
-1.2283,-0.14649,0.86616,-0.00093405,0.92958,-0.11672,0.58606,1.6634
1.3442,0.03622,1.4939,-0.4006,-1.1659,1.5935,1.2605,1.0071
-0.21039,-1.2634,0.83419,0.27344,0.87194,-1.284,-1.2178,0.47685
-1.4961,0.59979,-0.62615,0.51846,-1.61,-0.50421,0.7905,0.31318
-1.5485,0.9947,0.47485,-1.1199,-1.0673,0.97026,-0.5033,0.1013
1.7128,0.5158,1.0611,-1.3729,-1.5199,-1.336,1.3162,0.96469
-0.071305,1.0726,1.1601,-0.23835,-1.677,0.41263,1.5891,0.15233
0.9694,-1.1788,0.7345,0.46803,-1.2924,-0.93598,0.3668,0.96064
-1.383,-1.6204,-0.6322,-1.3474,-1.1427,-1.5408,1.2014,-1.3525
0.7195,-1.2377,-1.1559,1.6024,-1.2734,0.89708,0.092768,1.5032
-1.6684,1.2831,1.1277,-0.4825,0.94425,-1.507,1.6708,0.17865
-1.3747,-1.2913,0.86825,0.32282,0.74856,0.34496,1.2055,0.62994
-0.098846,-0.24859,-0.87394,0.8636,-0.40983,-0.98387,1.1163,1.3572
-1.6855,-1.4501,-0.014148,1.0254,1.1511,-0.03173,-0.88602,-0.41598
0.098026,-1.732,-1.1882,-0.86298,-1.4884,1.3422,-0.81221,1.2217
1.3913,0.66779,1.0712,-0.62681,-0.63599,-1.0626,-0.46147,1.0282
-0.9141,0.52902,0.86391,0.95265,-0.39919,-0.63496,1.443,0.34977
0.97073,1.6475,0.79016,-1.1718,-0.41067,0.21433,-1.3017,0.39907
0.0015199,-0.18311,0.52849,-0.84381,1.4396,-0.93894,1.6743,1.3629
-0.69843,1.0626,-1.0566,-1.3684,0.73534,-1.6973,0.56751,-0.70745
1.3241,0.64105,0.37899,-1.6428,-0.075176,1.1379,-1.4696,1.2454
-0.44958,0.24374,1.527,0.41151,1.4389,0.36441,1.3757,-0.16
1.519,-0.44033,-1.5866,1.0542,-1.4502,1.5107,-0.28132,-0.20805
-0.52977,0.99408,0.99268,-0.38069,-1.4273,-1.2577,-0.56238,1.2707
1.0826,0.71365,-0.091897,1.2141,-1.0464,0.44434,-0.72505,1.6869
0.17107,0.1778,1.0429,1.3403,-1.2249,1.4558,-0.811,-0.91936
-1.3777,-0.86029,0.37082,-0.39155,-0.32706,-0.2649,-1.5142,0.35636
-1.4019,-0.22102,1.3683,0.9106,-1.0774,1.5337,-0.14011,1.7286
1.6154,1.3239,-1.3275,0.69143,0.24766,0.61703,0.15217,-0.22591
1.5041,0.60126,-1.4108,-0.94058,0.53924,1.0673,0.17582,-0.72089
0.37233,1.7408,1.3082,1.6145,-1.4289,-0.95222,0.95355,-0.94006
-0.24199,-0.49337,0.66626,-0.20253,-1.1198,0.55867,-1.4749,1.4777
0.26243,0.70175,-0.76727,0.33785,-0.67848,0.15836,1.442,0.4729
1.4704,-0.87492,1.7129,-0.070536,1.5061,-0.60811,0.31987,-0.30523
-0.70122,-0.3268,0.85463,-1.2424,-1.4159,-1.4694,-0.14077,1.006
-1.666,-0.38997,0.31219,1.5315,-0.75977,-0.14146,0.45724,1.1827
1.0751,0.90325,-0.17802,0.55355,1.3846,-0.53247,0.36183,-0.12756
-1.6884,0.52045,-1.0657,0.98716,-0.9538,0.7316,0.06686,-1.3057
0.24539,1.6034,-1.1032,0.051878,0.016474,-0.553,-1.2266,0.13211
1.4794,-0.41428,-0.19843,-0.8333,0.16973,-0.3517,-0.57586,-0.15081
-0.65925,-0.57125,-0.76292,-0.46223,-1.1176,-1.4037,0.80056,-0.67465
-0.89073,-0.17753,-0.42451,1.3654,0.84871,0.1028,-0.10882,-1.2439
-0.58481,-0.14841,0.88934,0.18637,-1.0337,-1.4142,0.11995,0.8869
1.3665,0.12272,-0.53745,0.48887,-0.5677,1.3898,1.406,-1.2828
1.5907,0.13851,-0.23007,1.1929,-0.92228,-0.64273,0.66774,1.2074
0.60314,-0.80518,-0.68741,0.74702,-0.12637,-1.6714,0.47905,-0.61544
-0.13467,0.9867,-1.1099,-0.34696,-0.76784,-1.2982,-1.0027,-1.0964
0.60255,-0.25747,1.0076,-0.43678,-1.3245,-1.2696,0.42969,1.5496
-0.087841,-1.1087,-0.24664,1.2718,1.5084,0.85411,-0.86846,1.1216
0.46645,0.59171,1.5609,0.19945,-0.91424,-0.60935,-0.32234,-0.44502
-0.2604,-1.3715,1.5475,1.5176,0.31945,-0.73217,-0.51373,1.0598
-0.21416,1.6013,-1.4037,0.004029,-1.2034,0.887,0.20255,0.50142
1.1171,-0.041291,-0.8474,0.46346,-1.1,-0.83326,-0.84796,0.56839
-1.2589,0.59195,1.2996,0.84174,0.95029,0.26564,0.18939,-0.67897
0.073349,-1.0175,-0.73083,-0.51919,1.2477,1.0508,-0.85996,-0.65997
1.1243,0.90118,1.229,-0.16905,-0.46551,1.272,-1.088,1.3815
-0.99696,1.0479,-0.0331,-1.3055,0.49307,1.6877,1.0783,1.3753
-0.47426,0.85758,1.4598,-0.43985,1.3383,-0.7932,-0.74969,0.74401
-1.1412,1.1272,0.97973,0.2554,-0.71381,-1.3072,1.6008,-0.92419
-0.9152,-0.23557,-1.2867,0.088412,1.5506,0.40532,-1.0697,-1.4963
-1.3776,-0.76469,-0.78331,0.2183,-0.56893,-1.7079,-1.3292,0.05463
-1.4541,1.2148,0.76779,1.0191,-1.5302,-0.24043,1.6018,-1.0426
0.060346,0.9688,-0.94962,-0.19257,-1.5683,1.7261,-0.66924,1.1184
1.632,0.80857,-0.29219,0.75487,1.1311,0.41499,-1.4442,1.3531
1.3727,-0.27505,-0.35227,0.22066,-1.2377,-1.3033,1.4316,1.7308
1.3998,-0.36479,-1.2915,-1.0191,-0.69136,-0.2403,-0.83606,0.040337
0.35224,-0.051546,1.4888,0.74477,-0.17049,0.34143,-0.23558,0.32518
-0.93541,-1.0014,1.4274,1.6448,0.15706,-1.1359,0.98816,0.095803
-0.5387,0.26884,0.74366,0.82419,1.3712,-1.4623,-0.13748,-1.3725
0.81026,0.21048,-1.7523,0.063125,1.1236,-1.4998,0.48651,0.54238
-0.81116,0.09541,-0.29782,0.62735,0.29031,0.13981,-0.37918,1.6815
1.0047,1.5903,-0.95208,-1.4063,-1.1744,0.59194,-1.5857,1.6995
0.69458,-0.026158,0.69843,1.1792,-0.043478,1.5256,0.26999,-0.76067
-0.41754,-0.13442,-0.11871,0.96371,-1.5131,0.085719,-0.69853,-0.86443
-0.4493,-1.2952,-0.93912,-1.6155,1.2075,0.27667,0.099518,0.58818
-0.20551,-0.20694,1.0854,0.6014,1.2686,-0.40019,0.96783,-0.67066
1.434,-1.5418,-1.4093,-1.4775,0.67724,-0.60198,-0.094822,-1.5828
0.7259,1.2206,-1.6099,-0.87123,-1.69,-0.33966,0.81855,0.25424
-0.9527,-1.1062,-0.4392,0.30385,-0.91007,0.98053,1.0343,-1.5288
1.6178,-1.1406,0.52152,-1.7259,-0.27932,-0.18609,-1.4952,0.35355
1.1624,-0.054489,-0.17643,-1.6944,1.641,-1.6153,-0.016166,1.1731
0.86381,-1.6806,-1.0534,-1.0124,-0.34895,1.2914,0.92718,-0.3536
-1.093,-0.22244,1.1343,-1.0108,0.83433,1.5449,-0.50528,-0.34096
0.25565,-1.1081,-0.14609,-0.11885,-1.1908,-0.97448,1.5419,0.30428
0.60082,1.5907,0.21366,1.3655,0.096662,-1.1959,1.6677,0.96029
-0.22662,0.27478,1.1059,0.77417,0.16792,0.60018,0.49595,-1.0118
-0.13497,-1.6406,0.37269,-0.42552,-0.49902,1.3832,-1.1543,-0.084388
0.55649,-0.55524,-0.82365,-1.0806,-1.035,0.54297,-0.095341,0.55854
-0.89757,-1.4415,1.1491,-0.91572,-0.098802,0.82866,1.1236,0.15583
-0.085418,-1.5254,0.94105,-0.37526,-0.092306,1.0002,-1.408,1.2158
1.7241,-1.2163,0.34371,0.86028,0.1454,-1.4909,0.83221,0.70193
-1.7202,1.6225,1.5158,0.23433,-1.3067,-0.74719,0.60326,-1.5193
-1.2162,-1.3917,-1.5399,-1.6198,1.2241,-1.175,-0.019676,-0.64221
0.59379,0.25818,-0.56489,-1.2579,1.2299,0.0039713,-0.30543,1.5265
1.1605,-0.26714,0.5395,-0.77334,0.97435,-0.25309,1.6394,0.29046
0.13417,-0.34413,1.0131,0.91941,-0.86274,-0.93128,0.86435,0.40197
0.55494,1.6759,1.6861,1.6817,-1.5248,1.6727,1.467,-1.2446
0.11354,-0.25175,-1.0396,0.46563,1.5213,-0.34261,-0.32646,0.62789
0.43842,-1.6332,0.12878,-0.82522,-1.4016,1.412,1.4824,0.10885
-0.52559,-1.3141,-0.84079,-0.078715,-0.73968,0.092237,1.1717,0.96725
-0.64609,-0.98482,-0.42153,-1.0887,0.20712,0.77783,-0.33304,-1.6775
-1.5213,-1.6668,-1.3606,-0.62185,0.037273,-1.7029,-1.5794,0.095104
0.085266,1.6968,0.31594,0.38295,1.6412,-0.4575,1.2113,-0.5924
-1.1889,-0.57786,-0.85704,0.23713,-0.53212,-1.1661,0.49724,-0.25889
-0.38497,-0.060457,-1.6562,-0.086383,-0.51063,-0.4781,-0.53557,1.0284
1.4111,-0.92978,-1.4722,0.7157,-0.67795,1.0075,1.4334,-1.145
0.27702,0.34727,1.3528,-1.4035,0.12877,0.85583,-0.23035,-0.12083
1.5268,-0.39569,0.9269,-1.3377,-1.1609,-1.4922,-0.02395,-0.68466
-0.32069,-0.068032,-1.0192,-0.17355,0.99513,-0.032295,0.34944,1.0863
1.4414,1.2241,0.28667,1.4896,-0.41044,-0.09832,-1.2866,-0.95164
-0.27712,-1.522,-0.63231,1.2073,-0.17915,-0.63409,1.4889,1.1783
-0.77551,-1.3097,-1.269,1.2306,-0.44111,1.7033,1.5687,0.1126
0.28354,-1.187,-1.5765,-0.92393,-0.016202,-1.1125,0.45922,-0.093136
0.14569,0.3611,0.13817,0.18268,-0.8978,-0.73787,0.12754,1.2743
0.80152,-0.85614,-1.6704,-0.58728,-0.95794,-1.189,-1.7024,-0.341
1.0413,-0.42884,-0.6107,-0.61189,1.4935,0.63691,1.493,1.1637
-1.6168,0.45372,-1.3808,0.34425,0.69618,-1.442,0.58284,1.6233
1.1451,1.5936,-0.1101,-0.032205,-0.67588,-0.034728,0.03644,0.1602
0.20017,0.23381,1.709,-0.91448,0.97386,1.6948,1.6295,-1.0324
-1.3809,-0.70998,-0.58832,-0.65373,1.3681,-0.98667,0.35226,0.043508
0.92468,0.52847,1.5716,1.1149,0.23779,1.6822,-0.19412,-0.91328
-0.91637,0.79242,-1.2322,-0.9565,-0.68021,-1.6136,-0.95488,0.076904
1.4865,1.2746,0.79757,1.0003,1.6518,-0.97043,0.83278,-0.95831
1.4773,0.40781,-0.52869,0.005132,-1.0615,-0.73763,1.6554,-0.27691
1.4975,-0.6919,-1.4266,-1.2225,0.58189,-0.40173,0.036925,-1.6045
1.1186,-0.53492,-0.70118,-1.1515,0.87644,1.5907,-0.74433,-0.26527
-1.1748,-1.1388,-0.80791,0.37061,-1.0483,0.42841,0.82083,0.4479
-0.8114,1.3954,0.41049,1.6962,-0.81,1.2148,0.85317,-0.92292
1.382,-1.5708,0.85063,-0.94051,0.53389,0.88161,-0.95128,-0.85164
0.17344,-1.0147,-0.58709,1.6187,-1.3925,0.4778,1.5283,0.26175
-1.1962,-0.97785,-0.38188,0.61707,-0.91453,1.0836,-0.87889,0.42411
1.1972,0.1094,1.4496,-1.5042,-0.38259,0.41934,-1.3948,-0.60885
1.4206,0.40934,0.39534,1.514,-1.387,-1.5792,-1.6805,-0.034664
-0.16737,-0.66419,0.26523,1.4962,0.25751,-0.057661,-0.81688,0.90824
-0.7489,1.2997,1.2463,-0.83656,-0.13835,-0.28308,-1.6307,0.54822
0.77648,-1.4607,-0.074335,-0.20834,0.75559,-1.3649,0.34845,0.7034
-0.387,-0.87012,-1.004,-1.5565,0.11913,-1.4398,-0.65606,0.9397
0.87786,0.79638,-1.0034,0.43572,1.117,1.0275,-1.1734,0.92667
-1.5026,-0.87242,1.0124,0.53871,-1.4456,-0.58962,-0.5678,0.51542
0.87928,0.73227,-0.61134,1.3794,-1.1334,-0.63102,-1.2077,-0.20903
0.59903,-0.38541,-0.46704,0.013022,0.52471,0.088952,-0.65438,-0.11814
-0.10001,0.66138,1.6492,1.0089,-0.59603,-0.27766,-0.49152,-1.4211
-1.7357,0.36957,-0.15418,0.96861,-0.52538,-0.21593,-0.98859,-0.51976
-0.28291,-0.037692,-0.27992,1.2817,1.6637,0.48578,0.55298,-0.79041
-0.19582,0.5341,-1.7073,-1.0714,-1.0897,0.12465,-0.36905,0.30732
-1.3731,-0.18337,-1.1439,1.3849,0.80668,-1.0555,-1.2598,-0.44939
-1.4243,-0.99133,-1.1498,-1.4056,-0.49631,1.076,0.69588,1.587
1.0978,-1.2004,0.2288,0.49859,0.14575,-0.73747,-1.07,0.29083
0.64966,1.1393,0.84169,0.11552,0.39731,-0.74903,-1.6015,0.4297
1.5748,-0.65928,-1.0328,0.043915,-1.2214,0.68106,-1.4071,1.4415
1.1557,-0.64485,-0.85103,-1.2957,-1.0064,0.36688,-1.2752,1.3161
-0.028475,0.44007,0.49614,-0.87782,0.98126,0.49858,-0.36777,-1.3146
-0.82935,-0.8385,1.4005,-0.37901,0.71294,1.4834,0.70268,-0.99565
-0.69832,1.1483,0.70567,-0.95622,0.29159,-0.56289,-1.3838,-1.3971
0.32971,0.76158,1.6939,1.3794,-1.4123,-1.6484,-0.72686,-0.40119
-0.48255,0.75061,1.5581,0.82122,-0.53953,0.14791,0.3672,-1.4932
-0.31885,0.60226,-0.26721,0.87286,0.22997,-0.49867,0.56328,0.030955
0.69295,1.4062,0.27736,0.09009,1.6847,0.24053,1.0129,1.2939
1.6913,-0.98899,0.022012,0.89485,-0.68851,0.67436,-1.0926,-1.1755
