0.38804,-0.3263,0.6732,-1.5872,-0.82649,-1.2998,-1.1507,-0.79317
1.7173,-1.4282,0.062386,1.608,1.2584,-1.4043,1.7089,-1.0363
-1.0123,-0.1553,-0.33714,0.97223,-0.66412,0.84661,-1.3546,0.20596
0.082745,-1.7226,0.76101,1.4336,0.54469,-0.14935,1.1607,1.1638
1.1476,1.6751,-0.90421,0.22021,1.5194,0.084968,1.1261,-0.6328
-0.88659,0.18502,0.11411,0.45546,-0.14864,-1.4025,0.45039,0.48036
-1.0525,-0.9505,-1.5705,0.9166,-1.2395,-1.6217,-0.98424,-1.6197
-0.51454,-0.74952,1.2414,0.55542,0.50364,0.77566,0.69265,-0.99971
0.052105,-1.0603,-0.73028,0.53671,1.2875,-0.15695,0.95198,-0.88268
0.8516,1.6203,-1.3981,-1.687,-0.14608,-0.24894,1.1319,-0.92969
1.5928,1.4293,-1.3613,0.51516,0.71312,1.6384,1.6099,-0.43503
-0.99502,1.4533,0.96172,-0.85553,0.77999,-0.40724,-0.52716,-0.42752
-0.7433,0.087317,1.1518,0.52503,1.6536,-1.497,-1.1467,-0.84682
1.5532,1.5985,1.6355,0.97903,1.0204,1.4919,0.59774,1.1501
1.0869,1.1759,1.1659,-0.5836,0.73348,0.54044,-0.86537,0.32921
-1.5613,-0.34391,-1.332,-1.3537,1.0613,0.61,-0.43311,0.62439
0.82761,0.32029,-1.1723,-0.46865,-0.86868,-1.0187,0.18796,1.2532
1.3023,0.097055,-1.5004,1.0655,-1.1248,1.0225,-0.86796,1.6791
0.058027,-1.3874,0.88774,0.28419,1.4504,1.1274,1.4325,-1.173
1.2948,-0.34435,0.26317,-0.60086,-0.74791,1.5034,-1.1573,1.0192
-0.72062,-0.50328,0.31379,-1.6051,0.15857,0.28629,-1.2331,-1.4906
0.54484,-0.29203,-0.34328,-1.4505,-0.24526,0.93835,-0.9845,0.17792
-0.050791,0.21845,-1.7402,-0.16051,0.304,0.25689,-1.4347,0.6697
1.6574,-0.65318,0.65747,-1.5828,-1.0373,-1.6517,-0.69471,-0.33511
1.2843,0.74094,-0.96616,1.3804,1.6755,0.94048,-0.9814,-1.1363
0.21857,0.21087,-0.19369,1.6132,1.4857,0.70305,0.2362,-0.39368
-1.2067,-0.92345,-1.3908,1.6013,0.13876,0.99437,0.64835,0.41879
1.5681,-1.3672,0.18384,1.7043,-1.2016,-0.78303,-1.1556,1.1592
-1.3825,-0.13621,0.14546,1.1689,1.1871,-1.3545,-0.69377,1.1167
0.584,-1.2941,-1.0017,0.05211,0.30438,1.389,1.3871,0.77097
1.3736,-0.19032,-1.0494,0.13213,0.7071,1.3134,0.18178,1.2065
-0.071013,-0.2486,-0.8316,0.12057,1.6956,1.5649,-0.5085,0.12568
-1.501,-1.5737,0.68565,0.26356,1.0944,-0.60475,-1.0899,0.99604
-0.9806,-1.0771,-0.93675,-0.43732,0.23417,1.0989,-0.53555,0.88168
0.1596,-1.1338,-0.77718,0.077429,0.92257,0.64865,1.6274,1.5919
1.133,-0.33551,0.45356,0.72884,-0.34071,-0.67477,1.0665,-1.0612
-0.48596,0.70588,-1.3692,-1.6182,-0.96971,0.94812,0.64329,-0.16363
-0.1004,1.1101,-1.4873,-1.6396,0.80724,0.89809,1.1166,-0.92781
0.43464,-1.6058,0.60861,0.91117,-0.11934,-1.5049,0.78083,-1.5846
-0.62116,-1.6905,0.066277,1.6612,1.2604,-1.3769,-0.43007,0.61423
-0.064969,0.39678,1.1333,0.78901,-0.41427,-0.41124,0.74446,1.0098
-0.34272,0.28749,0.59639,-0.43921,-0.60672,0.79689,-0.8733,0.39665
1.1548,-1.3397,-1.2422,-1.672,-0.27261,0.30248,-0.98263,1.3772
1.1826,1.2464,-0.83204,-0.88611,-1.5213,-0.20695,-1.329,1.4137
-0.093591,-1.6259,-0.66853,0.68092,-0.39681,-0.80559,-0.53767,-0.23578
0.0047605,-0.61788,1.5009,1.4367,0.49906,-0.61685,1.565,1.2526
0.60646,1.0649,-1.1046,-0.013131,-1.1933,0.85046,-1.1587,-0.43434
-0.609,1.1388,0.36779,-1.4503,-1.5719,0.71886,-1.2541,0.37422
-0.31337,-1.3369,0.98789,-0.38558,0.30107,0.88609,1.4607,-1.4822
1.3756,1.1371,1.5166,0.36899,0.31138,-0.84445,-0.57246,1.0323
-1.1559,-0.49364,1.0473,0.48903,-0.99859,-1.2623,0.39114,0.42791
0.89023,-1.0358,1.6307,-1.3051,1.0266,-0.91525,1.1977,-0.52407
-1.5507,1.4846,-1.2938,1.4491,-1.1723,-0.12467,1.6008,1.5123
-0.41841,1.3353,-1.2136,-0.98247,-1.2068,-1.4259,1.3461,0.41479
0.86205,0.90795,0.387,-1.4523,1.547,-0.083112,-0.18956,-0.053153
-0.99759,1.6925,0.30546,0.24064,-0.76648,-0.75852,0.4478,0.37507
-1.0666,-1.1351,0.74872,-0.11792,1.5576,0.34823,0.8932,0.53886
-1.0834,0.092623,-1.4586,-0.34163,1.2401,-0.25629,-1.2961,-1.3515
1.6835,0.97158,-0.0078923,0.89494,-1.564,1.1247,-0.36393,-1.5563
1.625,-0.95965,-1.2706,-1.6958,1.6661,0.59243,-1.1481,0.16868
-0.5048,0.49525,-0.42675,-1.5372,-0.89072,-0.72396,1.5849,-0.4152
1.4108,0.64254,0.0087299,0.79952,-0.6961,1.6071,-0.021222,1.6986
-0.38478,-1.6453,-0.11967,-1.6977,0.63031,1.0807,1.688,0.85793
-0.82808,1.3975,0.41817,0.40397,0.92376,1.1211,0.91117,0.80396
0.45854,0.016746,0.32935,-1.7147,-0.70998,-1.0727,-1.3168,0.44909
-1.2997,0.23401,-0.075889,0.21533,-0.19995,-0.87755,-0.7865,1.5839
1.3335,-0.28502,0.77151,-1.4742,0.36215,-1.1697,0.46819,-1.1182
-1.5182,-1.0305,-0.69489,-0.0045574,0.63462,0.27034,-1.4112,0.0051059
-1.7367,1.0193,0.42,-0.90886,0.51797,-0.8252,1.3862,0.56757
-1.6832,-0.89322,-1.5998,-1.1088,0.42097,0.9507,-1.2891,1.3047
-0.31895,0.16341,-0.52994,1.6503,0.53147,0.0034249,-1.485,0.40827
0.65993,1.1221,-1.6146,-1.4022,0.71543,1.7157,1.4954,-1.5751
-1.5787,1.2123,-0.23567,1.1398,1.4891,-1.3966,-0.28759,1.2414
-1.5605,-0.051449,0.83937,-0.28978,-1.3107,-0.12444,0.95772,0.83444
1.1468,-1.0552,0.015347,-1.4076,-1.0774,-0.25118,0.037918,1.026
-1.4665,1.074,0.96936,0.53908,0.90352,0.88126,0.97625,-1.7277
-0.84556,0.42264,0.69585,0.040663,-0.96172,-1.0002,0.73986,-0.72539
-0.90566,-0.42497,-0.018339,0.58527,0.35512,0.10376,0.61629,1.6876
-0.4277,-1.5223,1.4631,-0.84585,-0.37218,-0.89118,-1.0688,0.024528
-0.53482,1.4037,-1.0575,0.012797,-1.36,1.1522,0.92876,1.5639
-0.28598,0.067948,-0.79441,-0.87727,-0.54208,1.0682,-0.079325,0.62187
-0.42604,0.96353,-0.21805,-0.22079,0.2326,-0.76235,0.17296,1.0405
-0.73223,0.84837,0.59162,-1.0104,-1.7108,-0.48428,1.6195,-1.1781
0.29897,1.6399,0.013741,0.162,1.3559,-0.19188,0.34204,0.28643
0.10452,0.77497,-1.517,-0.93446,-1.3355,-0.33411,0.95138,-1.6955
-0.007381,-0.47962,-1.1135,-1.6526,-0.13955,-0.74862,0.66273,-0.30415
-0.5872,-0.52998,-1.0602,0.059307,0.14098,-0.61439,-0.91637,1.168
0.70975,-1.309,-0.26852,1.4723,-0.64175,0.2781,1.3415,0.31168
1.1237,-0.052042,1.3779,-0.82887,-0.17527,-1.3037,-0.48042,0.53228
-0.16271,0.36057,-1.2832,-1.5467,1.3115,1.1937,0.73234,1.6471
-0.08055,1.6492,0.09833,-0.75498,1.0219,-0.20118,-1.7296,-1.0397
0.27824,-0.78707,1.3345,-1.2432,-0.9264,-0.037472,0.92672,0.9165
-0.17894,1.6473,-0.49312,-1.5258,0.59614,-1.4444,-0.8184,0.50119
0.51563,-0.13343,1.0565,1.3054,-1.4959,0.32577,-0.1786,-0.24878
1.3142,-1.3756,1.6724,0.84336,-1.6586,-0.26051,-0.23742,-1.1839
1.4464,-1.7166,0.2544,-0.7907,0.080389,-0.25922,-1.4858,1.4987
-1.4497,0.32943,0.25604,-0.16082,1.0375,1.1371,1.4322,1.6944
-1.1131,-0.68837,-1.6867,-1.0706,0.11305,0.34431,0.92286,1.133
-0.80106,-0.60457,1.6539,-1.6878,-0.91796,-1.6417,-1.0967,0.68596
-0.47676,0.93064,1.0869,0.033634,-1.1795,1.1532,-0.37456,-1.6263
1.2385,0.6007,-1.7173,-0.63289,1.3207,1.1147,0.24599,-1.1144
-1.5339,-1.4244,-0.39055,-1.6584,-0.50464,1.0926,1.247,1.3491
-1.5861,0.54463,0.41185,1.565,-0.28464,0.079385,-0.98376,0.14508
1.1364,-0.62166,-0.48374,-0.93882,-1.4752,0.92739,-1.7116,-1.6728
0.48678,-1.007,1.0059,-0.5124,0.24662,0.79032,-1.4152,0.39264
-0.25474,1.5845,-1.3162,1.2615,0.32441,1.2628,1.63,0.84458
-0.066301,0.04939,-1.4209,-0.52918,1.7129,-0.6909,-1.6333,1.2165
-0.18175,-0.061919,-1.7267,-0.18183,1.2134,-1.2344,1.6969,1.4012
-0.17303,0.081044,-0.20445,0.98253,-0.57865,0.30392,-0.87082,1.6421
-1.5098,0.62301,-1.7594,0.73354,-0.86458,-0.5343,1.3844,-0.11796
1.6541,-0.18886,-0.60625,-0.29433,0.11363,-1.2501,-0.010596,-1.5798
0.96945,0.55301,-0.27783,0.43793,-0.057467,-0.2163,1.3927,1.1416
0.71598,-0.35404,1.1408,0.20152,1.5719,-0.31096,1.6801,-1.2089
-0.31538,-0.68973,-0.043794,1.2632,-1.0559,0.70036,1.0517,-0.30972
-0.19584,-0.42994,-0.71085,-0.45521,0.70298,0.83434,-1.5622,-1.2345
0.022347,0.57961,-1.2432,1.3089,-0.44372,1.5999,-0.8162,-0.48099
1.1258,0.24302,1.0581,1.2698,1.5254,1.2531,1.3789,-1.244
-0.32649,0.3923,-1.249,1.7462,-0.19563,1.0988,1.3706,-0.0061952
-0.33896,0.36252,-1.6213,1.7289,-1.3182,-1.1322,-0.15293,-0.58154
0.038972,-0.46635,-0.40081,1.0409,1.2073,0.4655,-0.67875,0.2596
-1.743,0.97087,-0.87182,-0.25331,-0.34095,-0.23992,0.77136,0.79079
1.5142,1.4489,0.46453,-1.6288,-0.1124,0.36744,0.58977,1.4127
-0.47737,-0.095529,1.0282,1.5278,-1.1582,0.40507,-0.68961,0.734
-1.3749,-0.55703,-1.4313,-0.18948,-0.4266,-1.6782,-0.4564,1.5157
0.79301,1.6295,0.61521,0.96485,1.141,-1.5094,-0.82178,1.5284
0.27741,-1.5933,0.78348,-0.11346,-0.02399,-0.30747,1.6711,0.086211
-0.71571,-0.46493,-1.1477,0.29193,-1.5276,1.1658,-0.57017,-1.4352
1.1075,0.092804,0.73826,0.25598,-1.5757,0.96082,-1.3906,0.0040795
1.4346,0.87852,-0.28297,1.5345,-1.5658,0.59261,-0.38313,-0.19578
1.0009,-1.0884,1.7142,-1.2643,0.145,1.7,0.89027,1.5295
1.2944,0.77648,-0.64299,1.2223,0.74961,1.0215,1.5369,-1.5953
-1.6845,0.016834,-0.16884,1.5288,-0.054228,-0.69318,-0.88204,0.57497
1.0963,-1.2292,-1.1153,-0.24302,0.91813,0.91885,0.39979,-0.38433
0.14743,-1.1594,-1.1493,0.59978,0.43434,0.66059,-1.4873,1.225
0.45572,0.7947,-1.4898,1.668,-1.5296,-0.48115,0.31517,0.47533
0.47545,0.17795,-0.64153,-1.5847,1.2207,1.293,-0.59108,-1.0381
1.1931,0.6984,1.4495,1.2737,0.34013,-1.6424,-1.0643,0.93339
0.50405,-1.643,-1.3593,-0.97798,0.3227,-1.0724,-1.3974,-1.6985
0.29051,0.6016,1.2704,-0.0095577,-0.10293,-0.11615,1.3386,-0.51117
-0.64584,0.73554,1.6926,0.020186,0.9386,-0.73051,-0.58728,0.67171
0.19665,1.7016,0.86055,-0.00084154,-0.13743,-0.45333,-0.51846,-1.6982
-1.198,1.3345,0.97978,-0.31333,0.35919,0.39613,0.54351,0.73109
-1.3125,1.0338,1.4666,1.715,-0.47594,-1.6634,0.46303,-1.7034
-0.84213,-0.87729,-1.0014,-1.0348,-1.145,0.018215,1.4288,-0.23984
1.4166,-1.5703,-0.96069,0.89552,1.6679,1.1301,-0.60263,-0.50618
0.55864,-0.64213,0.63208,-1.287,0.55518,-0.76685,0.46299,0.43963
0.090473,1.2663,-1.1489,0.48426,1.0959,-0.23353,0.60939,-1.1649
1.0105,0.46145,-0.50192,1.1148,-1.1455,0.014214,-0.90406,-0.80655
-1.6908,-0.076492,0.64589,1.2549,-1.5623,-1.272,1.0263,0.32314
1.5033,-1.4924,0.41448,0.098508,0.14209,-0.84662,0.16166,-0.66726
0.76268,1.6837,-1.5276,-1.5993,0.32187,-0.3581,0.048698,0.38013
0.33194,-1.4203,1.0405,-1.3017,-1.0208,-0.85599,-0.46373,-1.557
-0.13338,0.59167,1.1291,0.95354,-1.7115,-1.6306,1.523,-0.091393
1.1768,-0.60219,0.45947,-0.89785,1.7189,0.98417,1.0326,-1.6057
0.89026,-1.5351,0.88913,1.6659,0.13392,-1.5319,0.37484,-0.084779
-0.56204,-1.2983,-0.4354,1.252,-1.2278,-1.2481,0.88229,1.526
-1.2496,-1.6075,-1.5547,-1.3817,-0.44416,1.3111,1.1819,0.96483
-0.96894,0.89305,-0.29869,1.2002,-0.26901,1.2643,0.45955,-1.416
1.3358,0.74094,-0.11682,0.74538,-0.41458,-0.51719,-0.40895,-0.040896
1.078,-1.628,1.5493,0.11384,-0.039902,-0.22052,0.78815,0.81987
0.40973,0.99395,1.524,1.2901,-1.5754,1.1478,1.2833,0.51638
-0.37351,-0.83322,0.26486,-0.021929,-0.039868,-1.1835,0.16575,0.057198
0.5867,0.9668,0.62366,0.066964,-0.29871,1.6438,0.10822,1.6145
0.63275,-0.78899,0.93052,1.739,-0.16151,1.0638,-0.042107,-0.07716
0.68657,-0.47941,1.1032,1.004,0.42132,0.97492,-1.6409,-0.64702
1.1853,1.0574,-0.65101,0.60259,1.5806,-1.5957,1.6969,0.32392
-1.6009,1.6717,-0.21712,-0.53829,1.2462,0.95419,-1.4455,-0.26464
-0.52902,1.4153,0.68158,-0.20074,-1.4342,-0.37566,0.92387,0.052023
1.0304,-0.21834,-1.514,-0.7563,-1.3336,-1.3251,1.2479,-0.14538
-0.96107,0.56154,1.2057,-1.2836,0.95197,0.95715,1.3643,-1.4828
-1.3695,-1.6259,1.2069,0.035317,-0.708,1.6079,-0.60966,-1.5071
0.75953,-1.0437,-1.1182,-1.2414,0.84588,-1.2151,-0.63285,0.44288
-0.58536,-0.25475,-1.5623,0.209,0.2522,1.5046,-0.11211,1.4615
1.1273,0.73651,-1.5124,-1.1678,0.83285,1.12,0.9459,-1.7323
0.96674,0.94485,1.6439,-0.96721,-0.055806,-1.5337,0.057089,-0.38462
-0.76312,1.523,1.272,-0.44548,-0.0098623,-0.57498,0.94232,0.88914
-1.2856,0.77163,1.4264,-0.94408,0.70084,-1.346,-0.14302,1.6305
-1.1833,0.30532,1.493,0.16732,-0.27687,-0.8194,-1.4547,0.942
-1.1362,1.2563,-0.52853,-0.34389,0.2348,-0.42419,-1.2482,-0.57518
-1.335,-0.61445,-1.3976,-1.0551,0.8909,1.7191,1.1519,-0.77199
-0.48613,-0.32456,0.49766,-1.5738,1.1541,1.0542,-0.070174,0.40113
-0.95934,1.4133,-0.14087,1.2399,1.5969,-1.3664,-0.91997,-1.0025
-1.6688,-1.2588,-1.4633,-0.21743,-0.23361,-0.44797,-0.17167,0.19793
0.7225,0.95497,-0.4947,-0.59669,-1.0713,-0.34491,-0.96289,-1.0292
-1.513,-0.089376,0.050722,1.3869,-0.63354,0.0567,-1.1068,1.368
-0.95011,-0.88856,-0.8668,0.58021,-1.0525,0.31077,-0.31217,-0.62422
-1.2893,-0.3209,-0.47943,-0.46732,-0.13924,1.5895,-1.1276,-1.0895
-0.71854,0.58188,0.49704,-1.7247,-0.28875,-0.75176,0.51786,-1.5489
-1.4839,-1.3794,0.001033,0.937,-0.21685,0.57886,-1.1604,1.3706
1.4009,-1.2325,-1.0687,0.95901,-1.4027,0.87497,-0.45485,1.4649
1.3808,-0.83125,-1.3057,-1.4768,-0.98391,0.7364,0.90305,-1.3329
0.33227,-0.43305,0.10997,1.4352,1.1577,1.3918,-1.3008,-1.0642
-1.7259,-0.86249,-0.50163,-1.4057,0.14394,0.2621,-0.21396,-1.2076
1.5041,1.2718,-1.3264,1.3424,-0.54994,1.4981,-1.1649,-1.2682
-1.135,0.6359,-1.6052,1.1194,0.26884,1.0789,1.2672,1.2382
0.022203,-0.21609,1.6004,1.3168,0.2817,0.024345,0.83725,-0.7956
1.1016,0.52893,-1.017,-0.77086,0.22273,-0.43232,0.85839,1.5571
-0.78453,-0.59159,-0.51214,0.90812,0.64353,1.4401,-1.6114,-0.46254
0.40604,-0.52031,-1.6249,0.63972,0.20729,0.087867,0.36625,0.58782
-1.162,1.4164,-0.7578,0.1272,-0.14273,-1.3473,-1.1964,-0.32539
1.1764,-1.5485,1.0695,0.31467,0.93847,-0.9777,0.63722,-1.6845
-0.62896,0.87485,-0.89714,-1.5036,0.9486,0.19961,-1.449,-1.5383
0.78054,-0.36018,1.1378,1.33,-1.6941,1.1709,-0.11034,1.6444
-1.6012,0.66707,0.21885,-0.88982,0.48473,-1.1423,-0.25339,-0.96023
0.15426,1.2438,0.81291,1.005,0.32266,-0.082661,-1.5275,1.3202
1.1563,-1.4587,-0.22776,-1.3718,-0.016074,0.54307,-1.5724,-1.7215
1.4092,-1.116,0.89465,-0.65937,0.16071,-0.39803,-1.7262,1.2639
-0.35752,-1.1295,1.2611,0.50722,-0.49368,1.4309,-1.7352,-0.89367
0.59653,0.55997,1.3703,-0.75208,-0.34203,-1.6711,0.34044,0.36053
0.013093,-0.87614,0.20043,-1.0953,0.60721,-0.79647,-1.0279,1.2682
-1.3134,-0.35956,0.68183,-0.83675,-1.3418,-0.74255,1.0314,1.641
-1.4921,-1.1376,-1.2608,-0.50694,-1.2332,-0.62707,0.40472,0.97004
1.4892,-0.11083,0.9049,0.94063,-0.42942,1.1208,0.93668,0.85536
0.27882,0.83078,1.6591,0.48799,0.4052,-1.2434,-1.5315,0.41738
1.1618,0.024336,1.3833,-0.24151,0.10903,0.50837,0.44871,0.67007
-0.8414,-0.12824,-0.82682,-1.6085,1.6163,-1.2514,1.5058,0.57734
0.4148,-0.078427,-1.7365,-1.4428,1.5042,-0.23843,0.52624,-0.68157
1.0823,1.1382,0.34842,1.1502,0.96132,-1.7057,1.4043,0.88009
1.3361,-1.3513,0.94184,-0.85163,1.5144,1.5045,0.61591,0.42411
0.26681,1.0185,-1.4152,-0.090728,1.0798,1.6642,-1.7061,1.4258
-1.1459,-1.1887,-0.46418,1.2486,0.96304,-1.0366,0.087658,-1.1587
-0.37745,0.99282,-1.1062,1.2604,1.0964,1.0968,-1.3478,-1.2017
1.5776,0.33086,-1.4915,1.5203,-0.92386,-1.0958,-1.2387,-1.6587
-1.3252,0.97792,1.3088,-1.5001,-0.59808,-0.99482,0.91789,-1.3173
0.85281,0.82164,0.077036,-0.33098,0.35809,0.81261,-0.26316,0.21713
1.3957,-0.16497,0.55292,-1.4201,1.6609,1.0556,0.59474,0.26525
1.0699,-0.37169,0.81324,1.1935,-0.77722,0.75843,-0.52181,1.0327
-0.89429,-1.6672,0.69066,-1.2831,-0.039128,0.10949,0.5734,-0.51776
-1.7279,-1.1716,1.2122,0.80294,-0.82691,-1.1996,1.0305,0.43818
0.36794,-1.1095,1.4101,-0.62141,-0.40773,-0.8255,0.18961,-0.35243
-1.1819,-0.093425,0.3685,0.02663,-0.25915,0.43821,0.79311,0.61889
-0.735,-0.68596,-0.33101,1.0426,-0.28354,0.29978,0.23436,-1.1066
-0.10823,-0.70875,0.32802,-0.85741,0.074351,-1.5943,0.11761,-0.37843
-0.77617,0.45829,1.5104,-0.025034,-0.35697,1.5306,-1.4581,-1.6817
0.046807,0.055816,0.66568,1.0462,0.96996,1.462,-1.3162,-1.2276
0.59241,-0.30905,0.15911,-1.2387,1.5027,-0.43808,1.3597,-0.432
-0.56213,1.2257,0.27298,1.75,-0.8215,-0.18502,-0.34903,0.37916
0.77051,0.16194,0.24762,0.5991,0.50063,0.26527,-1.0125,1.3322
0.56902,-0.98023,1.2881,0.30778,0.012013,-0.53884,-0.38934,-0.30775
-0.94844,-0.96386,0.24848,0.20771,0.067947,1.5447,-0.27812,-1.3329
0.84885,-0.90991,1.0654,0.13221,1.2402,1.2967,-0.27843,1.375
0.64734,0.85286,-1.6846,0.52692,0.70752,1.3391,1.2207,-0.049878
0.50575,-1.2529,-0.16381,0.074116,-0.9086,0.63384,0.80168,-1.3857
0.78937,0.93687,0.33866,1.4328,-0.3831,-1.0301,-1.0805,1.2799
-1.0824,-0.84073,-1.122,-0.34903,1.2997,1.5681,-1.1515,-1.1472
1.0939,0.6669,-0.37832,-0.21875,-0.37403,0.069107,0.98572,1.1718
1.6903,-1.168,-0.55303,1.5235,-1.6181,-0.82792,1.0506,-1.1686
1.5038,-0.97825,0.92343,1.015,0.1385,-1.025,-1.4618,1.352
0.94216,-0.66006,-0.24942,-1.3045,0.042645,0.87791,-0.20037,-1.1027
1.6926,1.5703,0.23466,-0.62552,-0.95592,-0.28848,1.1923,0.56554
0.43885,-1.517,-1.5997,0.31991,0.38578,1.7196,-1.4471,1.345
-1.7454,-1.2688,0.7516,-0.14511,-0.44404,1.4787,-0.34214,-0.42302
1.5684,-1.7178,0.27898,-0.76095,1.3737,-0.90749,-1.7302,0.62286
1.5783,-0.82318,1.0938,0.7045,-1.0775,1.3287,0.51225,-0.44014
1.5974,-1.5291,1.6469,-0.44983,1.3291,-0.037953,0.58757,0.090833
1.2201,0.77547,-1.271,1.2487,-0.96898,1.0878,-0.53135,-1.3852
-0.88259,1.2285,1.1215,0.57821,1.3692,-1.6802,1.219,-1.4331
1.4699,0.069706,0.17566,1.3816,1.2226,-0.54747,-0.53422,-0.79775
-1.243,1.7159,1.5342,0.049963,-0.34102,1.2286,-0.13341,1.6345
-0.69561,1.4672,0.39673,-1.3849,0.44804,-0.93161,-0.46662,1.2738
0.11993,-0.68288,1.3945,1.1705,1.6937,0.96869,0.82108,-1.3732
-0.7085,-1.6079,-0.95231,1.3256,0.96661,-1.5367,0.2187,0.94434
0.44827,-0.91178,0.2038,1.6362,0.091102,0.49999,0.63455,-1.586
-1.4583,-1.6534,0.56205,-0.87729,0.96976,0.10319,-1.6744,-0.64665
1.4677,-0.9048,1.6502,-0.59697,0.86389,0.17134,-1.4844,0.48573
1.6282,0.23641,-0.34475,-1.1955,-1.3925,-0.42649,-1.1467,0.19901
1.7194,0.65044,0.7914,-0.056977,-0.67975,0.70967,0.29586,0.98504
0.72252,0.96255,-1.3127,-1.1739,0.97159,1.2933,-0.53713,-1.6886
0.49115,1.5801,-0.54577,0.30824,0.97433,-1.1754,-0.94586,-0.97997
-1.3251,1.6393,-1.0664,-0.79708,-0.56749,-0.12764,0.0075785,1.3509
-1.0199,-0.96849,-1.7272,0.21139,-0.46994,-0.77041,0.17384,-0.6199
0.96956,-0.4689,-0.032891,-0.43851,-1.0875,1.0674,1.5668,-0.558
-0.66015,0.27092,0.78838,1,-0.37746,0.57604,-0.67405,0.41283
1.0045,0.43012,-0.4182,-0.1028,1.1987,-0.47158,0.42659,-1.6406
-1.2226,-0.41576,1.2306,0.72133,0.055668,-1.2706,0.77171,-0.98779
-1.5085,-1.1946,0.59325,0.57427,0.6726,-1.0919,1.1578,0.51696
1.1076,1.255,1.2505,0.17663,0.53093,0.3563,0.94877,-0.32743
-0.29628,-0.34594,0.75272,-1.1309,-1.6762,-0.53004,-0.93935,-0.49671
-0.90697,-1.3251,0.023962,0.25493,1.3144,1.08,-0.58277,1.1257
-0.93672,0.99584,1.2436,1.0897,-0.77304,1.7009,-0.29694,-0.065905
-1.1313,-1.4198,-0.6244,-0.54256,-0.14369,0.4394,0.86802,-0.52607
1.3729,-1.4067,0.045311,0.54936,-1.007,1.4286,-0.94373,1.621
0.90203,0.90105,-1.5448,0.82195,1.472,-0.6714,0.80382,0.198
0.52886,-0.35864,0.50176,-1.4714,-0.029337,-1.3881,-0.82369,1.5287
-0.55654,1.2093,-0.65304,1.6126,-1.0021,-0.2833,-1.2486,1.6076
-0.9917,0.3125,1.6172,-1.6612,-0.14121,-1.526,-1.3228,-0.53656
0.29619,-0.61813,-1.1507,1.4798,0.2539,1.3643,-1.2442,0.0047689
-0.46582,0.6305,-0.20997,-1.6782,-0.031049,-1.2611,1.5036,-1.1115
-0.097024,-1.65,-0.64295,1.2376,0.031408,-0.59122,-1.191,1.2173
-1.2411,1.0996,0.58966,1.1143,-1.6621,-0.84276,-0.9883,-1.2378
-0.096283,0.13149,-0.54785,-0.16215,1.4868,0.59301,1.0341,-1.7277
1.6502,1.145,-0.95436,0.33443,-1.2914,-0.23275,0.67973,-0.99904
1.1357,1.7454,0.83067,0.93733,-1.5657,0.92472,-1.1216,0.10184
0.93344,-0.98018,-0.72549,1.5469,-0.40087,-1.2469,0.56774,1.4306
-0.8334,-1.5535,-0.79079,1.3083,-1.1674,1.408,0.31945,-1.4732
-1.3645,-0.58695,0.57297,0.77418,-1.6743,-0.022806,-1.1564,1.0798
0.58039,-1.6301,0.76498,-1.237,1.608,1.4777,-1.0047,-0.98575
-0.31366,0.29169,1.4252,-1.4841,-1.0555,1.1222,0.56753,1.5569
-0.58116,-0.6472,1.2882,-0.72677,-1.2188,-1.1203,-1.7233,0.60635
0.40223,-0.43924,1.5717,1.3861,-1.6845,-1.4454,0.084127,-0.69053
-1.7088,1.1464,0.062958,0.25732,0.14322,-0.66382,1.4196,0.94203
0.67237,-0.56767,-0.84427,-0.86584,-0.92977,-0.61182,-0.12441,1.3545
0.28636,-0.72811,0.18271,-0.8547,0.51782,-1.3925,1.103,0.86936
0.70889,1.4728,0.17364,1.5989,1.2712,-0.085124,1.3883,0.41738
-1.5624,-1.6321,-0.42843,0.2959,-1.7293,1.6474,-0.56613,0.28888
-1.3381,-0.51095,0.35794,1.0272,0.82997,-1.6368,-0.78483,0.2189
1.3675,1.5617,-1.0013,1.0999,-0.99766,-1.2957,0.34501,-1.023
-0.19659,-1.5319,-0.30646,-1.665,1.2785,0.11656,0.23555,0.31049
0.80029,0.70583,-0.79803,1.5913,1.6919,1.0319,1.0362,0.098422
-0.15825,0.13684,-0.69022,1.5073,0.5666,-0.67129,-0.43754,0.42523
0.33724,-1.4194,1.5693,1.6096,-0.34001,0.18186,1.4992,-0.74741
-0.67961,-1.0666,0.23473,-1.6301,0.24411,1.2156,0.38578,0.73994
1.5542,1.4993,0.56326,1.0938,-0.47827,1.6208,-1.2129,-0.21588
-0.93668,0.29011,0.91895,1.5344,-0.6326,-0.40968,-1.0732,0.24267
0.078097,-0.44907,0.060636,1.12,1.2403,0.28977,-0.63806,0.7234
0.28463,-1.717,0.44456,-1.5076,-1.4193,-0.49835,-1.3496,0.76217
0.88405,1.7493,1.5838,-1.0892,1.7222,1.0302,-0.12437,1.0333
-1.3491,-0.96444,1.1896,0.85578,-0.50546,1.2072,-1.2038,-1.1716
-1.4435,1.0017,-0.5837,-0.19777,-1.7244,1.3163,1.4691,-0.13529
-1.7313,1.2701,0.2895,0.81156,0.42185,-1.6326,-0.33908,-0.82085
0.10331,-1.3875,0.0084492,-0.78983,-0.54855,-1.5766,-1.0656,-1.6784
-0.95502,0.13003,0.027871,0.32286,-0.47139,-1.5646,0.92761,1.1029
0.48235,-0.59564,1.0147,0.67881,0.49593,1.6751,1.4958,1.2615
0.84391,-1.585,-1.2968,-0.97217,0.22531,0.61665,1.5681,-0.69393
-1.2902,-0.28206,0.85531,-0.39439,-0.032343,1.1297,-1.0086,0.81275
1.4363,1.4696,0.13568,-1.0435,-0.80046,1.5628,0.63322,-0.72015
-1.2802,1.3168,0.37129,-0.52644,0.44728,0.97314,0.89167,0.10455
-0.60068,-1.146,0.27067,-0.6807,0.99952,0.014852,-1.1724,-0.43529
0.57191,0.040583,1.0374,-0.48739,1.6737,0.12732,1.3921,1.1965
-1.5098,0.12208,0.6743,0.51156,0.61494,0.63535,0.10946,1.3074
1.1253,0.32889,1.2454,-1.3882,-1.1687,0.85257,-1.1339,0.59766
0.81204,-0.80778,0.33941,0.88209,-1.1218,-0.52339,-0.38375,0.29294
0.033977,1.7475,-1.586,0.18043,-1.0192,-0.031173,0.96623,-1.5161
-0.34256,0.42878,1.3305,-1.2836,0.83319,-0.53298,1.3702,-0.71235
-0.95998,0.8033,1.4249,-0.8072,-1.6367,0.43885,1.5508,1.5399
-0.93534,-1.1013,-1.3364,-0.44619,1.6196,1.1749,0.57502,-1.3938
1.672,1.2346,0.65174,-1.4837,-0.59147,0.91599,-0.75698,-1.6185
1.0489,1.7258,0.19928,-0.2297,-0.56035,1.6577,0.11012,0.72807
-0.059003,-0.59472,0.61588,-1.5021,-1.6607,0.24299,1.5069,0.8008
-0.078725,-0.079643,0.74882,-0.073779,-1.0778,1.1876,1.6781,1.6591
-1.425,0.19454,0.8505,0.26019,1.4909,-1.4005,1.2303,0.060655
-1.2549,-1.5692,1.5126,1.4453,-1.0165,-0.30667,1.524,-1.4377
0.70554,1.0064,-1.2504,0.038165,0.19718,-0.62815,1.1957,0.59692
0.81494,1.3613,0.55196,0.30601,-0.86347,0.16113,1.0469,-1.0278
-0.26906,-1.7079,-1.6701,-1.092,-1.2151,-0.19836,-1.2694,-0.57755
1.294,-0.86313,-0.05899,-0.609,-1.317,-0.49553,-0.80991,-1.1974
-0.70646,-1.5603,-1.0571,-0.59329,1.5118,-1.0482,-1.4046,0.52044
0.51005,0.6432,-0.7031,-0.88777,-0.3305,0.21522,0.12791,1.2885
0.97063,-0.46764,0.51154,-1.6209,0.53955,0.97255,-0.18107,0.17606
1.2061,0.38897,0.014599,1.2434,-0.62322,-0.77525,0.82414,-1.2043
-1.6065,-0.78917,-0.8807,-0.75396,-0.59629,-1.1186,-0.44332,0.24288
1.1401,1.6021,1.3831,1.226,-0.50025,0.93197,-0.81288,-1.6732
1.4576,-1.6271,1.6379,-0.70881,1.3013,0.756,-1.6347,-0.15586
0.10945,1.5725,0.24216,1.013,0.77502,-0.0044835,-0.14713,-1.2151
-0.88591,-0.78812,0.046517,1.0768,1.3671,-1.5575,-0.24692,-0.69569
-0.82348,-0.97081,1.5463,0.47571,1.7092,-0.42101,1.5954,-1.1829
1.4661,1.5712,-0.7054,-1.1645,-1.2028,-1.5659,1.1679,-1.6531
-0.21115,0.82002,1.0543,-0.25315,1.4891,1.5043,-0.48907,1.0245
1.0346,-0.76979,1.3792,0.53051,1.1084,-0.7228,-0.3171,1.6427
-1.5628,-1.0559,0.60784,0.59529,1.0681,-1.3239,0.59527,0.64691
0.10481,0.91835,0.044285,-1.0069,-1.3562,-0.3915,1.4119,1.5541
0.11655,0.98029,-0.23976,-1.2011,-0.83302,0.85682,0.70975,0.56738
0.10854,0.92642,-1.116,-1.4565,-1.6748,0.58146,-0.25519,-0.77356
1.614,1.0533,0.60243,1.6707,-1.6756,-0.12618,-0.082602,-0.80049
1.0403,1.2221,-0.48802,0.89058,-0.55815,-1.4582,0.63341,-0.1143
1.1105,0.27874,-0.48371,0.26592,1.691,0.13181,0.5113,0.41531
1.7086,-0.10062,0.22133,1.7418,0.80569,-1.5157,-0.63451,-1.6156
-1.028,-1.5672,0.65006,-0.11404,-0.71096,-0.68558,-1.6575,1.3343
-0.12619,-0.52915,-1.4649,0.66795,-0.74593,0.35865,-0.58636,-1.2488
0.56727,0.99282,-1.2945,-0.24936,0.79404,1.3631,0.79624,-0.3383
-0.81777,0.12815,0.74993,1.084,1.1949,-1.0921,-1.134,0.54767
-0.3633,0.98275,-1.0404,0.70403,1.0364,-1.6103,0.75815,1.1039
1.1803,0.68857,0.42586,1.6232,-1.641,-0.74249,-1.5581,1.2938
-0.54779,0.94518,1.3139,-1.0638,0.025123,-0.9605,0.23998,-1.0792
-0.58884,0.43653,1.021,1.4859,0.52938,-1.2162,0.26249,0.79365
-1.6083,-1.2539,0.36901,-0.38696,-1.5165,0.50072,1.5812,-0.91169
1.5008,-1.3188,-1.0882,0.76279,0.55228,1.6638,1.1358,-0.46322
-0.22564,1.559,-1.1089,0.62501,-0.44095,1.3503,1.5537,-1.2074
1.4165,1.3201,1.4493,0.3178,1.5335,-0.28899,0.68028,-0.40632
0.99229,-0.016722,-0.2153,-1.6377,0.20256,0.78365,-0.82586,-0.17568
-0.25297,-1.3361,0.94693,0.94252,-0.53669,-1.2097,0.64486,0.18843
-1.0604,-0.0086798,0.58041,0.89217,-1.6599,-0.61057,1.4892,1.5847
1.3248,-1.4546,0.77316,-1.6052,0.84052,-1.2516,-0.080845,1.6297
-0.34232,-0.11594,-0.60525,-1.288,-0.6469,1.1919,0.20329,-0.737
1.6783,-0.25676,-1.5521,0.67562,1.6771,1.0056,-0.40155,-1.3813
0.19413,0.19863,-1.7425,-1.6017,0.5114,0.63286,-1.1772,-0.35324
1.0146,-0.98786,-1.6644,1.0316,1.6637,-0.5248,1.0503,-1.3956
0.75987,1.0785,0.53449,0.59643,-1.0688,1.5947,1.6393,-0.93086
-1.6789,1.4209,-1.5132,-0.37883,-0.46466,-1.5504,0.60873,-0.61498
-0.54592,1.5001,1.6871,0.49676,-0.21769,-0.93487,-0.18456,1.3286
1.4334,0.056713,-1.7178,-1.2661,0.87251,-0.99667,-0.63604,-0.63637
0.24694,0.31203,-1.5549,1.7159,-1.4724,0.87342,1.0706,0.60685
0.52508,1.3545,-1.17,-0.35374,0.48737,1.1991,1.5218,0.99032
-1.4652,-0.46654,0.81064,0.46087,-0.052871,1.2514,-1.0272,0.61553
0.39449,-0.393,-0.81704,-0.68997,0.96487,0.28732,0.17421,0.70552
0.8993,0.74362,1.0235,-0.68072,-0.86813,-1.3512,-0.95987,0.49837
-1.1403,0.23554,0.98046,0.7778,0.98606,-0.53625,0.33295,0.3088
1.3743,1.0652,-0.20219,0.95497,-0.84322,0.31612,-1.3197,1.092
0.63287,-1.0697,-0.66298,-1.2713,0.026879,0.93822,0.92048,-0.12066
-1.093,1.0262,0.29616,1.3706,-1.409,-0.038899,-0.66313,-1.2174
0.72335,-0.86628,1.4993,-0.77202,-0.534,1.5028,-0.59064,-1.2397
-1.4286,-0.94771,-0.065393,-0.77503,0.0070186,-0.54636,0.9164,-0.49463
1.655,-0.68571,0.82781,-0.8839,1.1199,-0.2286,-1.3728,-1.3772
-0.4205,0.84792,0.30577,-0.88698,1.5591,0.89872,-0.78353,-1.5989
1.4835,1.5368,-0.96966,0.82284,1.0209,-0.0036765,-1.0601,0.54918
0.40184,-1.2521,0.64422,0.77487,-0.409,0.40018,1.2305,1.4707
1.5098,0.66527,1.6327,0.68622,-0.50479,-0.31032,-1.3902,1.5244
1.0993,0.44212,0.85251,0.36015,-1.5103,0.46062,0.88326,0.5853
-0.20068,-1.4417,-0.14292,0.14351,1.3359,-0.27734,0.59552,0.23231
0.83239,-1.3045,0.02903,-0.72007,0.084603,-1.0171,1.2262,0.072565
-0.83374,0.84457,1.5973,1.4993,1.5044,1.5892,1.1897,0.79327
1.5584,-1.321,1.0135,-0.69174,0.31841,-1.6978,0.55728,-1.1813
-1.0093,0.61027,-1.5995,0.74547,-1.4252,1.7186,-1.1409,-0.84956
-0.076359,-0.97893,0.44118,-0.23939,1.1052,0.82886,-1.7039,-0.26374
1.3125,0.32401,-0.17706,0.64201,0.74702,-1.1784,1.5243,0.29822
1.0279,0.57069,1.0063,0.025172,0.19047,1.3489,-0.080218,0.38965
0.96824,-1.4934,-0.78446,1.1441,0.73828,-0.94013,1.2725,-0.27121
-0.89759,0.5831,-1.4511,-1.4613,-0.59998,1.4589,0.10185,0.24101
-0.23567,-0.69809,0.15898,-1.5549,1.7047,-1.1868,-0.050759,0.06461
1.1417,-0.76405,1.0113,0.10472,0.412,0.7352,0.026587,-0.023997
-1.1696,-1.4462,1.6887,-1.103,0.033093,1.3127,-1.2279,0.32016
0.992,1.2796,-0.47502,0.48225,-0.22535,1.0987,-1.3099,1.4076
-1.3193,0.57833,0.13672,-0.045147,-0.47683,0.96159,1.3281,-0.45794
-1.0811,0.40755,-0.46432,0.18086,0.18418,-0.68802,-1.6648,-1.7263
1.5814,-1.6727,-1.4225,0.69144,1.6298,0.16081,-1.2644,-1.3959
-0.50526,0.62403,0.095668,-0.99605,-0.48695,1.7077,-0.89619,-1.3612
1.6213,-0.89042,-0.43269,-0.36538,-1.2455,-0.92333,-1.5478,1.6998
-0.49368,-0.77571,-0.88481,-0.42769,1.4354,0.18652,-1.5535,0.45346
-0.13296,-0.67664,-0.52595,1.2497,-1.4662,1.1547,1.4633,1.1009
-1.7352,-0.014125,-0.95464,-0.97283,0.035802,1.1164,0.37101,-1.3519
-0.91224,0.95618,0.5596,-0.4717,1.307,0.76735,1.5553,-0.8817
-1.5565,1.7473,-0.86329,1.4153,1.4862,0.82202,0.71931,-1.1894
0.69927,0.73467,1.2033,0.14055,-0.947,-1.1627,1.7046,-1.4215
0.80272,-0.76517,1.5967,1.1223,-0.32599,-0.059233,-0.32179,-0.70967
-0.19153,-1.7096,1.1673,-0.93538,1.2288,-1.256,-0.91531,0.62468
-1.5035,0.52764,1.076,1.6327,0.57818,0.38177,-1.4586,0.039076
1.6911,1.4569,-1.1086,-1.6023,-1.4574,-0.41089,0.58941,1.6494
-0.60801,0.23634,-0.0080977,0.28527,-0.13328,1.3624,-0.5288,0.92307
0.78935,-0.44422,0.29565,-1.5058,0.45658,0.52733,-1.2961,-1.2103
-1.4815,1.0597,1.689,0.5098,0.89706,-0.57533,-0.73942,0.36624
-0.51649,-0.48383,1.4078,-0.02957,-0.34128,0.87199,-1.2376,-1.1781
1.3978,-0.026861,-0.16069,1.1495,-1.7071,0.15569,-1.1273,-0.020831
-0.98267,0.53792,-1.4348,-0.45303,-0.50408,-1.0845,-1.4482,-0.43596
0.12424,-1.4069,-0.34558,1.5531,-1.3865,1.2977,-0.19502,0.86785
-0.26506,-0.21421,1.0534,1.6097,0.79376,0.16,0.81274,-0.1509
1.5028,0.79247,0.89499,1.5443,0.99371,1.1128,-1.2191,-0.97632
0.057402,-1.3893,1.4035,-0.029921,1.1622,-0.30163,-0.9297,0.61844
-0.61437,1.0711,-0.937,1.0128,1.513,-0.55497,-0.67259,-0.21055
1.3704,0.17533,-1.4407,0.96315,0.52353,0.74293,0.5888,0.020169
-0.88192,-0.32779,-1.7072,-0.0021366,0.56543,-0.55394,-1.4812,1.1524
-0.88704,1.4657,-0.6786,1.6525,1.446,-0.84465,-0.12877,-0.069579
-1.0435,1.5948,1.3797,0.87147,1.4603,1.0534,-0.58382,1.7177
-1.0726,0.1174,0.97583,-0.19377,-1.0547,0.74641,1.2659,-0.45865
0.51186,-0.40016,0.057768,-1.6045,0.35393,-0.59729,1.1616,-0.078815
-0.69069,-0.10212,1.662,1.6024,0.10978,-1.0442,-0.70189,1.0923
0.19293,-0.83114,0.97693,0.36287,-0.95385,0.72791,1.6578,0.21731
-0.49619,1.561,1.5591,-1.5131,0.051946,0.5021,1.7031,0.6504
0.3119,1.0632,-0.34358,-0.26949,-0.77149,-1.254,0.30946,1.244
0.35977,-0.61889,-0.83882,0.61275,0.41332,0.010215,0.88768,-1.3503
-0.45899,-1.3921,0.28701,1.1427,0.97118,-0.48983,1.4575,-0.76152
1.0784,0.56636,1.0295,0.72496,-1.6388,1.0111,-1.3053,0.50766
-1.3167,-0.78142,-0.094722,0.50076,-1.6901,-0.23967,1.3227,1.5139
-0.43881,-1.1365,-1.4929,-0.27553,0.31411,0.50486,-1.6807,1.6657
-0.27385,-0.90743,-0.15006,0.72296,-0.60583,-0.29392,-1.1331,-0.43157
0.018755,0.33157,1.67,0.6889,1.6442,0.18326,1.0771,-0.9316
-0.64462,1.521,-1.4903,-1.0669,0.54627,1.6738,0.32964,-1.1486
-1.4879,-0.85558,-1.5945,-1.6617,-0.68296,-0.078765,-1.457,-1.3198
-1.1824,-1.273,-1.5116,-1.5518,1.2384,-0.65654,0.051568,1.7003
-1.2895,0.97621,0.50923,0.7568,0.26787,1.6414,0.052856,-0.3143
0.66845,-1.0617,1.161,0.63118,0.19801,1.1945,-0.058898,-1.4
-1.2514,0.58132,0.82352,-1.2921,-1.3135,-1.2312,-1.693,1.4682
-0.38466,0.83183,1.6492,0.14044,-0.62804,-0.79243,-1.3718,-0.55952
-0.93908,-0.75611,-0.76287,-1.6698,-1.2774,1.5197,0.27733,-1.1208
0.91501,0.29848,0.098501,0.75215,-1.7357,-0.90933,-1.0042,-1.2028
-0.22571,-0.69827,0.8194,0.94328,-0.79244,-0.054253,0.57068,-1.092
1.3823,-1.1644,-1.4518,1.3695,-1.4482,0.19493,1.3725,0.98275
1.4668,-1.3158,1.2611,0.42795,0.60092,-1.5941,0.68438,0.35522
1.1723,-0.74327,1.0521,0.80045,0.52614,0.59089,-0.80197,-0.24953
1.603,1.1049,-0.60899,0.74148,-1.0762,-0.42323,-1.1837,-0.41068
0.53158,0.8365,-0.12428,-0.6588,1.2269,1.5072,-1.1138,-0.29892
-0.89728,0.33575,-0.93256,-1.4015,0.023097,-0.82046,-1.3004,0.79225
0.68924,-0.97017,-1.0306,0.91308,-1.3249,-0.36015,1.5225,-0.78838
-0.074596,1.3642,-0.67959,0.11157,0.37858,-0.83746,-0.50099,-0.79104
1.2477,0.95299,-1.1508,-0.010638,-0.85294,0.1269,-0.27622,-1.6122
-1.0159,-0.37593,1.0671,1.1748,0.31481,-0.34459,-0.19099,1.4462
0.78058,-1.1856,0.22302,1.2599,-0.79867,0.91963,0.92819,-0.93818
-0.32947,-0.4937,0.17981,-0.62195,0.88061,0.77342,0.23466,1.4849
-0.41633,-0.6022,-1.7543,-0.56075,0.55571,-1.2551,0.40848,-0.43556
-1.458,-0.7369,1.5544,-0.71127,0.84071,0.75092,-1.1873,1.1099
1.0292,-0.73489,0.16238,-1.0568,1.5123,-0.93431,-1.2854,0.58648
0.83884,0.20247,-1.5332,-1.5336,0.44404,-0.74844,0.93209,-0.82413
-0.40229,-1.3788,0.13022,0.93472,1.5081,-1.4923,0.84309,-0.58118
-1.4991,-0.75952,1.5482,0.75961,-0.34598,1.1696,0.60711,1.1348
0.30192,-1.1452,-0.78394,0.95706,-1.6118,-0.48867,1.2214,-1.045
-0.17938,-0.71986,1.2843,-0.586,-0.2732,-1.1897,0.4755,-0.45959
-1.458,0.20312,1.2092,1.2599,-0.72784,1.5475,0.56729,1.5074
-1.4265,-1.2936,-0.76097,-0.88417,-0.45694,-1.1366,1.2379,0.38854
-0.30674,-0.016883,0.423,0.16101,-0.9865,-0.0058836,-1.461,1.5776
0.12584,-0.21351,-0.93863,-0.017159,1.0843,0.13915,1.483,1.3144
0.64914,-1.4202,-0.93284,0.72581,-0.062549,-0.12918,1.0308,0.56885
1.5926,0.41775,-1.2545,0.84645,-0.96715,-0.009284,-1.4275,0.13921
-0.50035,-1.423,0.24087,-0.92662,-0.31343,1.2195,0.7957,0.2607
-1.2339,0.4299,-0.87333,0.022284,0.5381,-1.6186,1.359,0.71114
-1.5387,-0.14838,0.86036,-1.1943,1.4338,-1.2919,1.199,-1.3555
1.7052,-1.1444,-0.12397,1.6791,1.4319,0.78265,1.6694,0.13362
1.4251,-1.4694,0.77317,-1.0622,0.10401,-0.11111,0.11126,-0.1743
-1.2268,0.9208,-0.091882,-1.3632,-0.48692,-1.6849,-0.20046,0.9518
-0.25299,-0.41356,1.5898,1.2873,-1.0834,1.314,0.37366,1.3316
-1.4714,0.66467,-0.95704,-0.83038,0.17301,-0.49493,-0.73024,-0.23846
-0.52474,1.6667,-1.3428,1.434,1.6114,-0.4062,-0.17004,-0.85635
0.42465,1.0863,-0.62538,1.273,-1.3818,-1.6279,-0.68641,0.28924
-1.2313,-1.502,1.4337,-1.2945,1.6274,-1.6088,-0.3919,-0.60255
-0.58324,0.28789,1.0397,-0.17586,-0.84247,1.1275,0.87425,0.85559
0.36508,0.058417,-1.356,-1.4569,0.95573,1.4632,1.4836,-0.76122
0.85806,0.13454,1.5094,-1.3291,-0.31432,-0.29317,1.0147,-1.1474
0.099666,1.7027,1.2579,0.30018,0.16642,0.92503,0.77119,1.6309
-1.1884,-0.42181,1.346,-0.27937,-1.3717,-1.2157,0.59486,0.9433
0.81333,1.0883,1.3115,0.96259,1.5304,0.693,-1.6705,-0.27826
-0.056068,-1.3766,-0.74931,-1.347,0.303,0.63746,0.093136,-0.23511
-0.40158,1.0995,-0.60642,-0.99894,-0.099414,0.97886,1.398,0.010879
0.93205,-1.7299,-0.23577,-0.05373,0.6809,-1.2491,-1.7354,0.48561
-0.504,-1.4136,0.41307,1.1493,-1.0166,-1.4806,1.0353,-1.6245
-0.85519,1.4974,-0.82544,-0.12729,0.50279,1.039,-1.1453,0.19679
-1.4289,1.1718,-1.5409,-0.84778,0.7223,0.0075477,0.60031,-1.3175
-0.95161,1.5615,0.78333,0.89227,-0.34017,1.2619,-0.50777,0.86437
1.3581,0.60814,-0.92998,0.067687,-0.65291,1.6896,-0.96665,-1.5183
0.76869,-1.5313,0.15412,0.53933,-0.8117,-0.18987,-1.1481,-0.70412
1.0112,0.42975,1.0596,0.87979,-0.31873,-0.15868,-1.2794,-1.3042
-1.2371,0.19366,1.3936,0.88703,-1.3213,-0.42791,-0.96035,0.43552
-0.37201,-0.23793,1.1138,-1.1188,-0.49523,-1.0811,1.4102,1.3241
0.45434,-1.7172,0.14738,-1.5742,1.0251,0.68644,-0.3613,-0.53613
-1.6896,1.0667,-0.34521,0.044249,1.5403,0.8989,-0.053845,-1.4575
-1.3991,-0.88986,1.2166,0.74672,1.6121,1.1354,-1.0173,1.0723
-1.2873,1.2731,0.67344,0.58304,-0.099758,1.1382,-0.68296,1.0163
1.5443,-0.82896,1.3662,0.80121,-0.47226,0.50339,0.035254,-0.036019
-0.26782,0.86532,-1.7594,1.0695,1.5409,0.093789,-0.64998,-0.75461
0.58273,0.13677,0.050959,-0.67039,-1.1403,-0.18512,1.3774,0.49177
-1.3165,0.061211,0.36215,-0.29795,0.52621,-0.75745,0.25491,1.1464
-1.2831,0.17141,-0.34349,0.65946,-0.65173,-1.403,-0.39113,-1.1768
0.92566,0.55121,-1.0089,-0.97458,-0.3926,-0.82377,1.3443,1.6591
0.18411,-0.99673,0.075155,-1.5595,1.5467,1.4571,0.97355,0.061609
-1.5525,1.3538,-1.6094,1.3069,1.6414,-0.85641,1.1573,-1.5396
0.24786,1.1926,-1.0459,1.6223,-0.63338,-0.42244,1.6608,0.55297
1.4555,-1.0299,0.90213,0.36381,1.6703,-0.52568,0.36593,0.98529
0.69683,-0.51348,-0.029532,0.94153,-0.97412,-1.4905,0.1524,-0.34708
0.7361,-0.64842,1.5055,1.5875,1.3998,0.79641,-0.63362,-0.088467
-0.36366,0.44525,1.4424,-1.0133,-1.0761,-1.2787,-0.86065,-1.4491
0.75798,-0.25955,-0.75385,-0.91669,-1.0257,0.48715,-1.0414,0.13358
1.0494,-1.6459,0.5846,0.066357,-0.63837,0.64021,-0.89659,0.30224
-1.6133,-0.38153,0.50519,0.61917,1.3832,1.3882,0.16351,-0.9516
0.79374,-0.30464,0.69394,-1.4124,-0.020706,1.4467,0.6628,-0.95032
0.63454,1.2237,-1.3162,0.025769,1.3301,0.34223,1.4858,-0.053413
-1.4063,-1.2115,0.21469,-1.3436,-0.75541,0.81957,-1.4473,-1.5906
0.99636,-0.48134,1.32,-1.3468,-1.5843,-0.26298,-1.5248,1.3748
0.44028,-0.63283,1.1015,-0.76197,-1.1481,1.1564,0.51892,0.56216
1.3791,1.2187,0.026193,0.29774,-0.28663,0.11314,0.64808,1.4741
-0.1288,-0.56888,0.64752,-1.5441,-1.3923,-0.51245,-1.6099,-1.32
-0.52626,1.4976,0.91697,-1.2964,-0.88,-1.0185,0.99671,-0.45317
-1.4417,0.23799,-0.95266,-0.021452,1.6749,-0.013732,-1.1068,1.5603
-0.75946,1.0507,-0.90723,-1.6489,1.5079,-0.39656,0.65435,-0.041261
-1.2123,-0.55989,0.25819,-1.6669,-0.20017,-1.6182,0.1056,0.59452
1.5905,0.063571,0.3893,0.085388,0.17798,0.21446,-0.44669,1.6326
0.37043,-1.0765,-0.82031,-0.73102,-1.5471,0.32425,-0.42502,0.20008
-0.76922,-1.547,-0.63485,-0.075986,-0.28521,0.27279,-0.95701,-0.18461
-0.24407,0.33752,1.6716,-1.2836,0.75411,0.39232,0.24557,1.2916
-0.58018,-1.0333,-1.3316,-0.89075,-0.4258,0.65835,-0.4401,0.61137
0.0021549,-1.3939,0.50584,1.4572,-1.2648,0.35264,-0.90553,1.4529
1.0313,1.0904,0.012878,-0.44552,1.5249,0.20325,-0.85675,-1.2565
-0.54598,-1.0595,1.1367,1.1699,1.0862,-0.34231,-1.3462,1.4593
0.56341,-0.76561,-0.11584,1.4685,0.14114,1.5425,0.75422,-0.88656
0.77458,-0.67598,1.2348,-1.3631,1.4047,0.2854,-0.47589,0.38721
1.6237,1.088,0.63742,0.85474,-1.158,1.5053,0.53539,-1.0729
1.3433,-1.1914,0.43343,1.127,-1.1815,0.88637,-0.93464,0.28264
-0.7963,1.6274,-1.3173,1.1355,-0.26855,-1.1045,0.67486,-1.273
-0.4758,-1.3131,0.19896,1.1464,-1.6345,0.042841,-1.2333,-1.2344
1.2285,0.69871,0.081359,-0.77633,1.1421,0.12731,-0.32441,-1.2567
1.6281,-0.97753,1.3109,0.61158,1.177,-1.3116,1.3484,0.85526
-0.37553,0.0040658,0.30369,0.18006,-0.25437,0.13113,-1.2774,1.1311
0.50339,-0.76598,-0.69191,1.2447,-0.6919,-0.19673,-0.83527,-0.68388
-1.0527,-0.79579,-1.4342,-0.36051,1.3242,-0.81578,1.0569,-0.68579
0.047759,1.1784,-1.4052,-1.704,-1.3295,1.5803,-0.76032,0.81386
1.5044,1.7403,0.43124,0.70588,0.74228,-0.35569,1.1576,0.61401
-0.028884,-0.64732,-0.93896,-0.27455,-0.54,0.45703,-0.21972,-0.60717
-0.23025,0.47142,-0.85876,1.5586,-1.3495,-1.6226,-0.35049,0.38408
1.3445,-0.27401,-1.2909,0.52573,-0.79272,-0.83159,0.57584,1.37
1.256,-0.072201,1.2086,-1.5323,0.23784,-0.65519,0.97764,1.0048
0.1555,-1.6798,-0.78573,0.74416,-1.2962,-1.4893,1.3596,0.43337
-1.363,1.2935,-1.6023,0.48108,0.81328,-0.15299,-0.32776,0.88986
0.49579,-1.2953,1.5794,-0.08646,-1.1906,-1.3485,-0.47785,-1.0755
0.61687,-1.191,0.6252,0.072987,-0.89721,1.115,0.029683,-1.0514
0.13206,-1.072,-0.62995,-0.6439,-0.80964,-1.6232,0.25358,-0.43326
-0.932,-1.5487,1.3501,-1.184,-1.0843,1.4756,0.65828,0.53916
1.1748,-0.040623,0.58343,0.37305,1.3071,1.0424,-1.0087,0.40794
-0.89467,-1.373,-0.53753,0.32436,1.4891,0.0071004,1.253,0.1459
0.089982,1.3767,-1.4489,0.29202,-1.3973,-0.64371,1.3046,-0.7129
0.8397,1.4645,1.2654,0.60663,0.77093,1.1137,-0.40983,0.47282
0.18747,-1.0101,0.8157,-1.1648,1.7217,1.4284,-0.18586,-0.62878
0.50006,-1.5003,-1.023,-0.79153,0.29214,-1.3297,0.68444,-1.4909
0.49116,-1.4966,0.2502,-0.20348,-0.8889,0.10736,0.025653,1.4469
-0.40505,-1.3666,-1.0174,-0.51277,-0.63931,0.21617,0.45331,1.0715
-0.30732,-1.1912,-1.4403,1.6945,0.33785,0.23681,1.5748,-1.0919
-0.76315,-0.32539,-0.9894,-0.046814,-1.5872,-0.17192,-0.32173,-0.36945
-0.14411,-1.1417,0.90468,0.66364,-1.0266,-0.38189,-0.47159,1.2572
1.3964,-0.17164,1.0497,0.88206,-0.15309,1.5817,-0.24606,-1.1631
0.97409,1.2299,1.6951,-1.2795,1.0763,-1.0069,1.6472,0.33583
-0.3931,-0.12662,-0.4355,-1.3485,-0.2148,1.2212,1.6895,1.568
0.82775,-0.97516,-1.1072,-0.50569,-0.38136,1.3711,-0.004097,-0.033774
-0.875,0.944,0.47328,-0.75338,0.50168,-1.4012,-0.93949,0.81931
0.50722,-1.4423,1.1116,0.32998,0.71705,-1.6974,-0.03256,-1.0205
-0.018606,0.15141,-1.0543,-1.3648,-0.80284,0.064856,-1.4602,-1.0584
-0.16007,-1.6901,1.5028,1.2284,0.34383,-0.036233,-1.4887,-0.21713
0.41742,1.503,-1.7028,0.18011,-1.4188,0.63987,0.69269,0.14336
1.6914,1.4131,0.014712,-0.86679,-0.55761,-1.4315,-0.37503,-0.74911
-0.73724,-0.73972,1.3024,1.6813,0.87933,-0.27778,1.6081,1.6803
-1.6598,-0.97213,-1.1338,-1.0943,1.3413,1.1512,1.6207,1.0028
1.2913,1.443,-1.6617,1.0636,-1.087,-0.74515,-0.068502,0.38517
0.73045,0.36075,-1.7588,1.0753,-0.74542,0.86972,-1.1092,1.5708
-1.6705,1.3556,-0.93136,-0.017566,-0.43245,-0.29658,-1.5279,0.80816
-0.9771,0.73252,0.00077304,-0.0082823,1.5286,-1.24,1.0268,-0.44959
-0.73767,-1.6623,-1.4775,1.7572,-0.44391,1.1517,1.2775,-0.55454
0.09003,0.26437,-0.42354,-0.056813,-1.6744,0.75471,-1.4698,1.5427
0.85119,-0.45769,-0.91296,-1.1816,-1.4863,0.23269,0.50625,0.77864
-0.16192,-1.1642,-1.7426,1.2096,-0.65116,0.57402,-1.2014,-1.2725
1.5608,1.6002,0.54514,-0.66594,0.68792,-0.40373,0.051265,-1.1019
-0.73346,1.5002,-1.6267,-1.1772,-0.13857,-0.88373,0.53715,-1.2395
-1.7354,1.2491,0.11398,-0.85284,0.46514,-1.628,-0.023443,1.3583
0.70627,-1.6618,0.59776,0.66834,-0.45879,-0.046985,-0.50945,-0.5631
-1.0851,-0.65984,0.092403,-1.332,-1.0034,0.60996,-0.92966,0.14301
0.48354,0.41465,-1.0214,0.84548,-1.6943,-1.117,-0.27382,-1.3519
-1.542,1.0151,1.067,-0.14851,1.2513,-0.86484,-0.5875,-0.38305
0.096248,1.6211,-1.4807,-1.1165,0.96204,-0.82048,-0.98562,0.71486
-0.98462,0.80817,1.5101,0.51167,-1.5668,0.90071,0.04274,1.4801
-0.80251,-0.90549,-0.1196,1.6001,-0.62004,1.3824,0.41888,-0.71847
-0.065079,-1.1156,1.0991,0.4147,-0.50877,-1.3751,0.82787,0.64235
0.16789,0.24289,0.49041,-0.75065,-1.73,-0.47964,-1.203,-0.55793
1.7117,0.69936,1.048,1.2026,0.84257,-1.3666,0.39769,-1.1543
0.84561,0.82518,-1.0795,0.99491,-1.1832,0.57833,0.26667,-1.2903
-1.0854,1.0875,0.05083,0.46524,-0.30291,-1.3543,-1.3528,0.26539
1.4694,-1.2106,1.0872,0.57961,-0.42033,-1.2346,-0.30618,-1.0236
-0.23302,0.061216,-0.83854,1.402,-1.4053,-1.4802,1.5222,-0.67227
-0.6723,0.46831,-0.40361,-1.4211,-0.20006,0.31583,-1.4993,-1.3353
-1.6732,-0.39484,-0.18252,-1.6557,-1.4257,0.59921,0.33526,-0.90592
-0.030819,-0.61058,-0.30487,-0.61569,0.85807,-0.73474,1.4211,-0.67955
1.062,0.34765,1.3732,1.6945,-1.3322,-0.38763,0.9206,0.71739
0.99742,0.24935,0.80423,-0.098701,-0.24527,0.12825,-0.050706,-1.3042
1.1615,0.65305,0.75874,-0.55984,-0.73713,1.4157,1.3573,-0.57896
1.263,-0.90246,1.5206,-0.61582,1.0193,-0.32983,0.57825,0.75298
-1.7171,-0.84487,-1.5837,-0.92915,-1.2363,1.1278,-0.12834,0.53422
1.6851,0.95154,-0.26401,-0.28482,0.83238,-0.99814,-0.40068,-0.46885
-1.4929,1.5247,-1.0657,-1.3445,-1.4218,-1.6785,-0.37473,-0.56376
-0.24063,0.051979,-1.6766,1.6183,0.15083,-0.43485,-1.2742,-0.75387
0.52169,-0.014949,-1.5246,1.5956,-0.13764,-1.5207,-0.9035,0.65085
-1.4545,-1.0824,-1.3674,0.44383,-0.72938,1.0895,-0.6293,0.53384
-1.6703,1.2962,1.664,0.31289,-0.57908,0.78994,-0.20656,-1.2049
0.65703,-1.3671,-0.5637,-0.12884,-0.25338,1.1972,0.86744,-0.27506
-1.3809,0.91039,0.4635,-1.7016,-1.2854,-1.5489,-0.014639,0.75585
-0.60327,-0.4131,-0.0039499,-1.7242,-0.088808,1.4903,-0.51076,-1.0399
1.1829,1.2781,0.22627,0.99681,1.4832,-1.3624,-1.2289,-0.94691
1.652,1.6231,0.64627,0.56769,-1.5409,-0.81987,-0.27899,0.14562
0.56457,1.3669,0.88167,-1.3121,-1.5701,1.6547,0.44193,1.5668
-1.045,1.0586,1.212,1.1485,-0.53493,0.034612,1.1658,-0.2148
1.0142,1.6106,0.35266,-0.50723,-1.5227,-0.51444,0.55185,-1.0511
0.24616,-1.4172,-0.1663,-0.54646,-0.25058,-0.76469,1.2338,0.69307
1.3223,0.67833,-1.047,-1.3947,-1.1235,-0.92105,-1.1215,0.6834
-1.5937,1.1302,0.64385,-1.0977,1.5271,-1.5659,-1.6997,0.27097
-1.484,-1.0134,0.44656,0.79418,-1.4715,1.1301,-0.40075,0.26557
-0.62354,1.7381,1.6215,-0.51509,0.10102,1.6707,-0.10049,-0.79053
-1.2718,1.3131,-0.64344,-1.6952,-0.53062,1.1392,-0.48974,1.5908
0.36672,-1.5498,0.43134,-0.18384,1.4271,1.0452,-0.51686,-1.335
-1.407,0.82094,-0.72879,1.454,1.6198,-0.49489,0.88861,0.52235
-0.2463,0.74252,-1.7031,-1.0242,1.6389,-1.0101,1.0736,1.1656
0.65035,1.3354,-0.95935,-0.50896,1.5806,0.99689,-1.6943,-1.2476
-0.60132,1.4253,-0.96239,1.4589,-1.5497,1.4938,0.57765,-0.051412
0.22717,0.2515,-0.77211,-0.64044,-1.3637,-1.3549,0.20078,1.5745
0.78935,-0.56008,-0.24709,0.94281,0.55399,-0.47723,1.2028,1.3197
1.3756,0.39396,-1.5296,-1.7288,1.0551,0.67069,0.29186,-1.3636
1.5892,1.489,-1.4927,-0.28945,-1.595,-0.63542,-0.65022,1.4856
1.7033,-0.18985,-0.70491,-0.38769,-0.97802,0.40945,0.65033,-0.097249
0.27301,-0.7378,0.33048,-1.5696,-0.051769,0.62471,-0.48868,-0.1803
-0.89442,0.41367,-0.55767,-0.5187,1.2965,1.4661,-1.3255,-1.6558
-0.78031,-1.3889,-0.22825,0.88379,0.044599,-0.24998,1.602,-0.83096
-1.3088,-1.3128,-0.060473,0.78831,-1.5097,-0.74357,1.5313,-1.6836
0.87554,-0.24657,-1.7095,-0.36294,-0.32135,0.94653,-1.4697,-1.4647
-1.0171,0.21949,-1.0205,-0.81983,-0.34501,0.10541,0.67625,0.089309
-0.7307,-1.5357,0.30262,0.18229,-0.0040384,-1.2384,-0.41916,-0.19067
-0.51278,0.91614,-0.81542,-1.7296,-0.84312,-1.1609,1.1518,-1.28
1.3327,-0.816,0.71281,-1.4848,0.83929,-0.892,-1.4225,0.12
-1.3512,-1.1219,-1.4709,0.45172,-0.29143,0.78849,1.4535,0.69049
-0.68952,1.1172,-1.0637,0.60912,-1.2778,-0.64961,1.0773,-1.61
0.23338,-0.67812,0.55424,0.1023,1.1358,-0.12169,-0.55677,-0.31682
0.90644,1.3557,0.88174,-0.88506,1.6957,-0.65132,1.1399,0.44395
-0.10756,1.5437,-0.22898,0.82844,-0.67652,-0.057873,0.75208,0.71459
1.2719,1.6461,-0.397,1.7132,-1.4205,0.34852,-0.49791,-0.40037
1.0386,-0.70836,1.0703,1.0911,-1.4259,1.502,1.272,-1.0557
-1.0553,-1.5476,1.3201,0.082837,-0.55755,1.6016,-1.0327,-1.7083
-0.028551,-1.0773,0.26589,1.1385,0.8772,-1.1987,-1.1045,-1.7168
1.6945,1.4953,0.21048,-0.92949,1.1674,0.26207,0.96596,0.16003
1.3378,0.81987,-0.77023,-1.365,-1.5297,0.28713,-1.1355,0.81288
-0.4652,-1.5712,-1.051,-1.5179,0.59109,-1.4288,-1.2236,0.1463
1.573,-0.2552,0.8894,0.25772,0.68341,-0.78763,-0.60947,0.54079
0.82424,1.2022,1.1628,1.4387,1.3712,1.1218,-1.228,0.47152
1.3716,-0.61226,0.012993,-0.83131,-1.3699,-1.4036,0.92982,-0.83865
0.78067,0.10656,0.05549,-0.55933,0.78459,-1.0492,1.5243,0.4239
-0.57092,-1.5683,-0.25491,-0.33078,-0.99777,-1.6592,-1.0851,0.30918
0.75334,-1.5166,1.3787,0.96602,1.2458,-1.1319,0.61251,-1.52
0.99088,0.97308,0.83963,-1.3533,0.80893,0.78924,0.33758,0.44957
-0.429,-1.6597,-1.4529,-0.20528,-0.056734,1.569,0.73437,-1.4586
0.8937,1.3498,0.077141,0.45627,-0.63913,-0.44899,-1.7171,-0.082977
-1.6179,0.39165,-0.17236,1.1593,0.6253,0.56759,-1.6517,-1.4005
-0.46231,1.5774,0.75046,1.1544,-0.39826,-1.4994,-0.75542,-0.16966
0.2914,1.2061,-0.87415,-1.0772,0.22005,-1.2108,-1.4963,0.54157
0.24158,0.58395,-0.40585,0.86698,-0.84365,1.6447,0.72637,-0.28155
1.2629,-1.6608,0.85172,-0.071298,0.94386,-1.3032,1.1273,0.14997
-0.15145,-1.097,-0.7516,0.95997,-1.3525,0.27384,-1.6704,-0.1548
1.3274,1.4419,-0.51123,1.4517,1.5872,1.3123,-0.91793,-0.99842
0.265,-0.23736,-0.99632,-0.62418,1.4578,0.44519,-0.20543,0.15406
-0.64241,-0.1233,-0.35782,-1.5757,1.6818,0.58608,1.4797,-0.69148
0.66343,-1.6266,0.46432,0.88536,1.7201,0.86494,-0.77488,0.91612
-0.57403,-0.89114,0.93648,0.78672,0.98247,-0.16048,0.74443,1.3994
0.82633,-0.644,0.73924,0.92344,-0.73502,-0.64735,1.5451,0.84797
1.222,1.6854,-0.25928,0.35157,0.23497,0.15901,-1.5262,-0.91814
1.1817,1.4415,-1.0932,1.6177,-0.44726,-1.1748,0.17059,-1.3077
-1.101,1.1847,1.3603,-0.12856,1.1311,1.1641,-1.701,1.3663
-0.90441,1.5751,-1.3846,1.2591,1.0996,-1.3862,-1.1419,-0.17423
0.11836,0.24508,-0.87699,-1.061,-1.0507,-1.1805,-1.0213,-0.014123
-1.6313,-1.6496,-1.0223,-1.3688,-1.35,-0.53718,-0.31639,1.1057
1.1131,-0.50559,-0.053988,-0.93745,0.25299,1.513,-1.24,-0.86663
-0.018456,-1.242,-0.87344,0.22082,-1.2103,-0.64472,0.80774,1.3206
-0.3878,1.365,-1.6706,-1.2019,-1.543,-1.0486,1.4855,1.7037
-1.6364,0.1756,-0.54995,0.13152,1.4555,-1.1818,-1.6106,1.4688
0.77756,0.44535,-0.88689,0.038421,-0.73642,0.72776,1.3683,0.52431
0.39064,0.595,0.26546,-1.4918,1.1417,-0.8431,1.3704,0.48159
0.31516,-0.31441,0.51306,-1.2928,1.5615,-0.099407,1.3107,0.17439
1.5417,-1.0104,-1.1259,0.91584,1.4688,-1.0339,0.67755,1.1645
-1.6919,0.75863,0.081842,-0.15955,0.33986,-0.20815,-0.92396,-0.93407
-0.066488,1.0198,-1.5107,1.5942,0.21653,0.88197,0.55621,1.0295
1.4711,-0.029109,-1.1231,1.0813,0.83315,-1.5877,-1.6629,-0.76052
1.5204,-1.4718,-0.82303,-0.27793,-0.62781,0.69438,1.0403,-0.9134
1.6463,0.93102,1.1772,-1.7023,-0.19896,1.4627,-1.1098,1.6611
-0.71143,1.698,-1.2743,-0.8237,-0.30182,1.4819,-1.6137,-1.2152
-1.354,-0.41928,-1.5708,0.19749,0.15717,-1.6231,0.046153,-1.214
0.46437,0.56325,-1.015,-0.56788,1.6797,0.40457,1.398,-0.80437
-1.7408,-0.020062,1.6763,-0.5548,1.335,1.7226,-0.63297,-0.76921
-1.0179,0.28141,1.3403,1.0525,-0.91685,0.45053,-1.4708,0.32092
-0.77571,1.3178,1.1662,-1.2432,0.89919,-0.64865,0.086109,0.68336
-1.3926,-0.81036,-0.25641,-1.1075,1.2825,-0.82817,-1.0245,0.39658
-0.60176,0.2769,-1.7292,0.65623,1.5393,1.6865,-1.1519,0.10752
-1.7359,0.099527,-1.1522,0.6912,-1.0638,0.28538,0.66212,-0.97499
0.27775,1.023,-1.4189,1.6277,-1.1618,-0.56859,-0.44974,0.60555
1.586,1.3448,1.0476,1.2348,0.15132,-0.55781,0.96728,0.21017
0.95719,1.5157,-1.5639,-0.71825,0.82522,1.138,-0.64398,0.77524
-0.26161,-1.567,0.28326,-0.37308,0.86637,0.6216,1.3083,1.1601
1.2625,-1.7285,-0.2125,1.1514,-0.77539,0.011334,-1.6819,0.56126
0.93796,0.90987,0.56734,-0.11163,0.19966,1.4744,-1.7286,-1.2677
-1.3372,0.87347,1.6406,1.0003,-1.318,0.36081,1.1323,-1.1728
1.3026,1.2902,-0.43698,1.7591,-0.51056,0.31351,0.4433,0.26927
0.72455,-1.0968,1.3091,-1.0374,-1.6897,0.96102,0.10811,-1.4358
-1.7192,-0.25461,-1.1659,0.30841,1.2829,-1.5693,-1.2847,0.42655
-0.73729,-1.3937,-0.44879,-1.6076,-0.38984,-0.11084,-0.013099,-1.3288
1.1777,0.89198,0.10686,-1.612,-1.2945,-0.042238,0.97332,1.3988
-1.4141,1.6242,-0.28085,1.758,-1.1982,0.93671,1.3914,-1.0836
0.31669,0.61837,-0.1482,0.027454,0.59721,-1.1022,0.8612,1.1905
-1.0413,0.12054,-0.29845,-0.028645,-0.44833,1.1983,-0.66089,1.4674
-0.89696,-1.4672,1.2294,-0.94055,1.1922,-0.92198,-0.18021,-0.95935
-0.24405,0.85458,1.4174,0.90274,0.74598,-1.3879,-0.44913,0.41398
-0.17103,0.17594,-0.85498,-1.2036,-0.92144,-0.092732,0.55272,-0.1009
1.2353,0.5967,1.0577,-1.1002,-0.11098,1.5831,-0.38462,0.94334
-1.0131,-1.5748,-1.6884,1.7552,0.83896,-0.66457,-1.5293,-1.4825
0.66838,0.37172,0.8543,0.91201,-1.5201,-0.51473,0.5702,-0.19413
-1.731,-0.86148,-0.023942,1.434,1.6495,-0.10735,-0.010419,-0.8073
1.6641,0.30061,1.3089,0.073869,-1.2827,1.3168,0.64584,1.6295
-1.0109,0.66843,0.6215,-0.43985,-0.52083,1.5285,-0.0076922,0.90793
0.54298,0.053864,-1.5208,0.69594,1.2982,0.72703,1.4408,-1.1837
0.48221,-0.68199,1.6633,-0.80909,0.40851,-0.47002,-1.2648,-0.082211
-1.3402,0.63046,0.26226,0.57628,-0.32819,0.72652,-1.5571,0.44728
-0.23112,-0.82635,-0.57373,0.58672,0.4141,0.21897,-1.4417,1.3824
-1.6175,0.22595,0.23526,-0.36489,1.2497,-0.18185,-0.66733,1.2413
-0.62666,-1.3313,0.021304,1.3757,1.5494,-0.75798,0.40787,0.42145
1.4785,1.3901,0.61375,0.27937,0.98787,1.3263,-1.1792,-0.15421
0.68999,-1.4995,-1.5524,-1.15,-0.20736,0.20206,-0.70215,0.060041
0.59921,0.73025,0.7471,-1.6965,0.60117,1.1965,-1.1357,-1.3572
0.76338,-1.2997,-0.045849,-1.6953,-1.2475,-1.3459,1.5349,0.50112
1.6161,0.076146,-0.069244,1.5229,-0.94196,1.713,0.43124,-0.96294
1.5188,1.4801,0.94512,0.85107,-1.138,-1.0473,0.90727,-1.0282
-0.52993,-1.7053,0.1999,-1.1727,-0.28855,1.7144,0.43406,-1.6244
-0.70497,0.10429,0.26486,1.4428,-1.6729,1.4017,1.1038,0.74507
-1.6557,-0.3752,1.1305,-0.58985,-1.3732,-0.5782,-1.7336,-1.4525
0.28107,-0.86348,-0.79058,0.92241,0.48682,0.78716,-1.0592,1.3133
-0.96702,0.93034,1.2569,0.016607,-0.63963,0.48358,-1.6012,-1.1124
-0.88701,-0.7466,-0.33442,0.44226,-0.93011,-0.79668,1.1267,-1.3761
-0.15136,-0.90321,0.54564,0.46789,-0.6848,-1.6937,-1.5243,-1.4481
-1.2968,-0.16137,1.0445,0.21354,1.2613,-0.03179,0.14097,-1.5336
-1.2771,-0.87643,-1.4715,-1.4536,-0.46845,-0.68725,-1.6686,0.31163
0.40392,-0.85948,1.699,0.69591,1.6701,1.4217,-1.6609,0.13673
-0.39322,-0.45852,0.34238,1.3892,0.43966,-1.2338,-0.37222,1.368
0.92892,0.55417,-0.27317,-0.61858,0.67582,0.71689,-1.2084,-1.3207
-0.67015,-0.031196,-1.6094,0.34466,0.11318,-1.2115,-0.93788,-1.4083
-0.35813,-0.50062,0.67617,-0.84403,0.95351,0.0018431,1.3585,-0.089861
-1.0866,1.211,-0.058258,0.25826,0.30225,-0.5075,-1.5018,1.5129
-1.2264,1.5499,0.28116,1.4601,1.5398,1.4661,1.0495,1.0976
0.58737,-0.2692,-1.6427,1.316,-0.17955,1.6323,-1.51,-0.51346
0.28875,0.6961,-0.87137,-1.3189,-1.6398,0.45449,-0.57302,0.98857
0.60174,-0.013326,1.0356,-0.95915,0.74399,-1.1805,-0.17014,1.5604
1.39,1.4865,1.4722,-0.062427,-0.81293,-0.28063,-1.2542,1.4388
1.7127,1.1519,-0.20218,-0.78331,-0.1404,0.60547,-0.30674,-0.6252
-1.5076,1.2943,-0.5477,0.46618,0.69484,-0.38491,0.45133,-0.73394
0.56353,1.5437,-0.38114,-1.0268,-0.11166,-1.551,1.1683,-0.075122
-0.15336,-1.1009,0.19534,0.20038,-1.2314,1.5665,1.113,-0.33373
-0.59913,-1.6866,0.21361,0.014504,0.71848,-1.5737,-1.2885,-0.11677
1.3322,-1.1123,0.10858,0.018895,1.4841,-1.5353,-0.75058,0.94467
0.99629,-0.65925,1.1178,0.071048,-1.1907,-0.58634,-1.5356,1.4899
0.69446,-0.50431,-1.6777,-0.80573,-0.24563,0.74339,0.44261,-1.3091
-0.59954,0.27933,0.45186,-0.70707,1.6181,0.40686,0.24413,-0.47296
-0.19312,1.407,-0.8049,0.66785,1.2057,0.82351,-0.088451,-1.0138
-1.0011,-0.61194,0.49198,1.322,0.1866,-0.10146,0.54131,-0.3272
-1.0804,-0.067012,-0.51633,-0.23717,-0.91618,0.32515,1.5579,-0.96341
-1.2781,0.79919,-0.92327,-1.4628,1.2512,0.16219,1.6222,-1.256
-1.2877,0.88222,-1.4141,-1.3563,-1.0369,-1.6606,-1.709,-1.3551
0.52494,-0.95066,-0.86489,1.6483,0.20371,0.75894,1.7018,-1.027
