0.57071,1.7003,-0.7731,-0.45224,-1.7251,-1.2486,-0.75023,-1.2374
-1.0014,0.40196,1.2916,-0.30309,1.5288,1.5859,-0.74061,0.62848
-0.78617,0.57348,-1.5099,-1.5866,1.2991,1.3637,-0.81487,-0.3542
-1.7078,1.439,-0.2085,-0.101,-0.64784,-0.82147,-1.4797,0.82516
-1.4517,-1.3102,0.70266,0.24311,-0.6838,1.4752,-1.0708,0.39584
-0.96908,-1.4441,-1.2631,0.83004,0.77406,-1.2902,1.4015,-0.28418
0.015055,-1.1805,-1.0026,1.297,1.4796,-1.1664,0.9283,-0.91303
-1.4638,1.5778,1.3634,-0.46801,-1.5751,-0.88669,-0.36692,0.18415
1.5302,1.0937,0.20988,-0.24567,-1.0784,-1.6035,-0.9821,1.279
0.90147,1.5878,-0.85585,-1.4947,-0.39609,1.0539,0.38518,-0.73744
-0.76444,0.76361,0.62075,1.2843,1.3715,-0.061463,-0.17391,-0.29214
0.16129,1.6816,0.34487,0.16582,-1.1456,-1.2962,0.83944,-0.75815
-0.59301,1.5189,-0.59488,1.5692,1.1939,0.79426,1.4422,1.5699
1.7062,0.42497,1.4712,-0.90065,0.79726,-1.2848,1.6922,-1.5471
0.92339,-0.042451,1.6784,1.6987,1.6696,-1.3977,0.65678,-1.207
-1.3717,0.64036,-0.1853,-0.027208,0.94997,-0.37361,0.087151,0.25258
1.1969,1.3739,1.5746,-0.75215,0.42486,-1.078,0.36165,-1.2365
-0.007957,-1.6789,-1.7405,-1.1341,0.66525,0.96134,1.1168,-1.417
0.84257,-1.3876,1.3536,0.75565,1.3565,1.5526,1.1293,0.63326
1.6786,1.599,-0.31983,-0.78953,-0.76409,-1.0292,-1.303,0.0064331
-0.72694,1.4838,-1.7663,1.3377,-0.043545,1.4317,0.84103,-1.295
0.47299,-1.0458,0.21316,-1.3281,1.2882,1.4414,0.12238,1.0138
0.96122,1.152,0.48821,0.80495,-1.4681,0.28781,0.64473,-0.15254
-1.4471,1.0723,0.57437,0.79461,-0.20086,-1.3161,1.6115,0.1024
0.85413,-1.4899,0.22227,-0.87716,1.2247,-0.59995,1.3921,0.059051
-1.654,1.1849,1.4901,-1.1929,0.87567,1.2036,-1.621,0.073829
1.6685,-1.2053,-1.4167,1.6853,0.55675,0.22158,0.88599,-0.41498
-0.36359,0.43999,-1.3207,0.85664,-1.1005,1.6118,-0.64837,-0.69108
-1.3168,-0.49899,0.32858,0.23415,-0.39122,-0.036161,-0.26033,-0.37714
1.6446,-1.674,1.1683,-0.31273,-0.21668,0.17341,1.3881,0.10998
1.4799,1.0217,-0.29501,1.3238,-1.2156,-1.1834,-0.68173,0.35253
-1.1399,1.7182,-0.73865,1.592,1.6458,0.17618,-1.4379,0.92696
-1.099,1.3525,1.6588,0.51315,0.85965,-0.27225,1.1815,0.35527
0.6807,0.34422,0.67862,-0.036939,-0.50185,1.4504,-0.94434,-0.25772
-1.5579,-0.28512,-1.2813,0.79013,1.1569,0.57891,-1.4322,-1.5231
-1.3139,0.70953,-0.41239,-0.81109,0.48587,0.73969,-1.6297,-0.64451
-0.21089,-1.0022,-0.50868,-0.6341,-0.98242,-1.4781,0.66418,-0.095399
1.3502,0.71787,-0.5531,-0.34267,1.698,-1.4998,0.37089,-0.88942
-0.40161,-1.3034,0.15756,-1.3174,-0.67011,-1.6681,1.3967,-0.55593
-1.6586,-1.7221,0.11573,-0.34341,-1.5358,0.21097,0.36123,-0.46285
0.64313,0.7416,0.57448,0.39448,1.4123,-1.6796,0.066501,0.72445
1.2096,-0.20339,1.131,1.4625,0.8442,1.1579,-1.3783,1.1311
-0.14052,-1.4376,-0.081439,-0.16593,-1.5724,0.64603,-0.62442,-1.6394
1.2068,0.26474,0.39756,0.79546,-0.16529,1.3205,-0.88698,1.3576
-1.2299,-1.1811,-1.1507,-1.174,1.4591,1.4385,-0.10566,-0.63364
0.44516,0.64585,1.1179,0.0077988,-0.82954,1.7291,-1.6025,0.73424
0.55089,-1.1455,-1.1023,-0.0039491,0.74167,-1.167,0.21501,-0.11227
-0.16777,-1.2241,0.9653,0.059601,-0.73645,0.78185,-0.88587,0.1663
-0.58425,-1.1009,-1.7181,-0.20785,0.94527,-0.57915,-0.43423,0.78288
-0.87593,-0.94501,-1.3488,-0.41523,0.94214,-1.4133,-1.3222,-1.629
-0.71106,0.39648,0.62294,-1.5574,0.20791,0.13153,0.025019,-0.94034
-0.85192,0.50908,-0.90043,1.5446,1.3125,-1.65,-0.30206,1.5446
-1.1473,0.038179,-1.6232,1.2699,1.5052,1.0418,0.43673,1.683
1.6445,-0.2555,0.83563,0.1552,1.1204,1.0961,-0.40291,1.3675
0.010861,1.3848,-0.98957,-0.32366,1.4503,-0.17584,-1.4271,-1.2515
0.94211,0.15684,0.41426,1.7237,-0.083678,-0.85007,0.62028,-0.20149
0.93385,-0.87053,0.346,0.40461,0.10214,0.71771,-0.67679,-0.1676
-1.06,1.115,1.4913,-0.3216,1.3709,-1.6861,-0.80148,1.5638
0.1336,0.58351,1.3692,0.29869,0.103,-0.29908,-1.1632,-1.4046
0.089257,0.034142,1.1143,-0.087107,0.020996,-1.2401,-0.31072,0.43617
1.1044,1.5043,-0.5888,0.40899,0.21745,-0.063134,-0.451,-0.39127
-0.16828,0.65909,-0.66753,0.29282,-0.59666,1.3773,-0.39732,1.2131
0.19451,-0.81309,0.68063,-0.20605,0.88384,1.308,0.33664,1.6311
0.33398,0.4653,-1.0257,1.6113,0.47491,0.31034,0.178,1.4238
1.3719,0.87639,0.30031,0.19307,-0.24598,1.1711,1.6838,-0.83805
-0.50147,-0.98345,-1.7411,-1.3033,-1.424,-0.067862,-0.88019,-0.58086
0.13728,-1.4619,0.33874,-1.6121,0.11966,-1.2315,1.4263,-1.3735
-1.4097,-0.086326,1.0313,-0.94287,-0.88066,0.60542,1.6341,-1.0961
0.68078,0.062776,0.58313,-0.14545,-0.95086,0.80001,1.2708,0.032573
-0.91566,-0.33599,1.3653,-1.6532,0.5207,-0.91941,1.589,-1.0692
0.81254,1.7431,0.94991,0.21974,0.00092703,0.80345,1.3541,0.83955
1.5188,-0.63211,1.6499,-0.72338,-1.1024,-1.6298,0.47098,0.88078
-0.25827,-1.2697,-0.64696,0.686,-1.4892,1.0608,0.97935,1.0357
0.67393,-0.17176,-1.3017,-1.1258,1.4635,0.7904,0.74,0.42393
-1.3678,-0.19466,1.6533,1.3178,-0.53526,0.68322,0.84596,-0.60062
1.3886,0.14439,0.44763,-0.4987,1.5451,-1.5058,1.0048,-0.5593
0.83106,1.4467,-1.7023,0.12728,-0.93267,-1.144,-0.5356,-1.4248
0.39133,-1.0672,-1.6219,0.0906,0.74345,-0.34467,0.7943,0.15073
-1.4443,-1.0962,-1.5446,-0.67126,1.6814,0.28375,1.3972,1.5984
1.1271,0.50661,-0.24079,-0.58022,1.3441,0.29249,0.60179,-0.021248
-0.32131,-1.4491,-0.062359,1.2888,-0.52174,0.4761,-1.37,0.027357
-1.2795,1.3676,1.6273,-0.26255,1.3348,1.5949,-1.2265,-1.4734
-0.11814,1.6427,0.15089,-0.78873,0.90482,1.6868,-0.15384,0.87696
-1.7214,-1.5375,-0.86041,0.44607,-1.6528,0.55811,1.5623,1.717
0.22074,0.62,-1.1961,-1.446,-1.5735,-0.34352,1.6555,-1.3468
-1.5482,-0.336,-0.83201,1.6022,-0.64682,1.6665,0.47063,-1.4286
1.4601,-0.5906,-1.309,-1.1618,-1.2185,-0.65765,1.655,0.97133
-0.14305,1.0274,1.3703,0.80343,-1.1071,1.3835,0.43683,1.2372
0.47822,-0.70026,0.64541,0.86221,-0.67525,-0.83437,-0.93736,-1.4384
0.32416,1.3995,-0.55006,0.8741,0.9393,1.5521,-1.2136,0.12824
0.44859,-0.11865,0.73007,-0.15379,1.6784,1.1571,-0.79487,-0.58156
0.93785,0.47667,1.5774,-0.64912,1.0419,0.28057,-1.6983,1.1776
-0.78282,-1.2145,0.07954,0.65507,0.90943,-0.050631,0.82746,-1.2792
-0.062263,0.054701,0.22669,0.7302,0.62315,1.4116,0.33684,-0.57718
-0.47478,-0.4171,0.15651,0.93707,0.23611,0.26374,1.5569,-0.88106
1.0821,-0.94298,-0.36101,-1.2021,1.4027,0.28677,-0.25573,1.245
0.57156,1.2068,-1.4605,-0.15563,1.2677,0.42831,-0.67191,0.93455
-1.1847,1.6255,-0.72671,-0.49432,1.4692,-1.2727,-1.5586,-0.08389
0.063813,-0.36213,-0.10092,-0.52156,0.42503,0.18324,1.4138,-0.31485
0.26395,-1.6164,0.13328,1.5131,-0.32067,0.87501,0.21631,-0.1566
1.2787,-0.68994,-0.5237,0.047455,0.26183,-0.85706,-0.48404,0.39609
-0.0058461,1.457,0.24743,1.3672,1.2986,1.1077,0.037905,1.1198
0.84289,0.84887,1.403,1.4501,1.6252,0.57522,-1.5243,-0.71003
-1.6058,0.59664,0.37123,-0.63238,1.2043,1.6403,1.1137,0.080664
0.64285,1.5666,-1.0305,-1.1262,-0.78987,0.5288,-1.1178,-1.0891
-1.2449,0.16273,-0.50122,-0.54767,1.398,0.57382,1.6027,-0.21318
-1.5672,0.49701,-1.4336,0.68541,-1.5828,-1.2321,-0.49765,0.59068
-1.2166,1.122,-0.43484,0.58366,0.12175,0.98255,-0.079719,0.36127
0.56138,-1.3616,0.050454,-0.095456,1.462,1.7304,1.6392,-1.337
0.4927,-1.0468,-0.065229,1.5568,-1.5635,-1.0326,-1.2015,-1.4356
-1.5158,1.0584,1.471,-0.88542,0.29647,0.98776,1.4327,-1.6983
-0.24963,0.74963,1.4408,0.82623,0.58955,-1.084,-1.6402,0.74767
1.6488,0.95289,-1.2033,-0.18363,0.75538,0.21426,-0.41331,0.12624
1.0512,0.69773,-1.1136,0.4887,-0.74244,-0.31744,0.0861,0.23387
-0.1893,1.3346,0.65024,-0.026492,-1.0296,0.41007,-0.72314,-0.42125
0.69754,1.661,-0.99019,0.18435,1.4607,1.1402,-0.95588,0.45354
-1.161,0.63231,-0.1223,0.70974,-0.62769,-0.65858,1.1615,1.4151
-1.5662,-0.49634,1.5534,-0.098688,0.38138,0.68178,-0.1198,0.22009
-1.0441,-1.2661,-1.063,0.94362,-0.35383,1.3592,0.12119,1.2198
1.1124,0.37779,0.38816,0.56247,0.41653,1.2175,0.14806,-1.585
-1.1298,1.0536,1.6249,1.5652,1.6901,-1.1992,0.36777,0.79601
1.5296,-1.5835,1.6376,-0.41393,0.42986,-1.5803,0.37381,1.3154
-1.4629,-0.54782,-1.0803,-1.0291,-0.50429,1.672,1.4393,-0.90679
-1.4588,-0.92241,1.1649,1.6731,-0.096138,-0.68383,1.398,0.79689
-0.64338,-1.205,-0.26163,0.62574,-1.4576,0.45167,1.6661,-0.42625
-0.83113,0.041539,-0.27032,0.04335,0.90768,-0.77764,1.632,-0.34658
-1.2757,-1.2415,0.99095,0.99495,-0.29019,-0.67734,-0.80317,-1.628
-1.4141,-1.3308,1.4101,1.4973,0.86091,1.3443,0.91019,0.088624
0.19194,0.63538,0.56057,0.50929,0.054558,1.5287,-0.078717,0.63155
-1.3662,-1.6636,1.5141,-1.5151,-0.71895,1.405,0.89724,-1.6005
0.18779,1.6189,-1.0958,0.6187,-0.72166,-0.38708,-0.11847,0.36602
0.45691,-1.1775,1.5075,-0.25296,-0.46029,0.046872,0.7688,-0.76377
1.709,-1.5123,-0.6391,-1.3519,-1.5106,1.3134,-1.3251,-0.20993
1.68,-0.49705,-1.6591,0.30965,-0.87951,0.95219,1.1434,1.6451
-0.36179,0.34539,-0.83316,1.1617,0.52776,0.73911,-0.21532,-0.298
-0.78142,1.187,0.093029,1.0164,-1.0219,-0.29488,0.20703,1.6558
-0.083183,0.4859,-0.40166,-1.6876,-1.2721,1.368,-0.76292,-0.94269
-0.50353,-0.1403,-1.3501,1.5984,-1.083,-0.633,-1.2772,-1.6989
-0.23695,-1.0464,-0.71797,1.5137,-0.08698,0.84464,-0.67983,0.92355
0.47138,1.6934,-0.69268,-0.48038,0.93683,1.5432,-0.38399,-0.34009
0.75489,-0.31725,-1.4369,1.6118,0.91428,-1.2161,0.82565,1.3019
-1.2753,-0.023578,1.1689,-1.2768,1.3302,-1.2914,0.53868,-0.18295
0.0012208,-0.14585,-1.2825,-0.37289,-0.74456,-1.7014,0.87043,0.92716
0.44849,-1.5551,0.79471,-1.3151,0.6493,1.5549,0.66918,0.022077
0.892,0.58042,1.2975,-0.083177,-1.0406,-1.3749,-0.67951,-1.3252
-0.37494,0.14456,0.2722,-1.1937,-1.1524,1.6892,-1.5753,0.34744
0.73953,-0.16343,0.43588,-1.5838,-1.2537,-0.53252,0.24223,-1.0401
1.7183,1.3146,-1.5188,1.3009,0.15009,0.19983,-1.5957,1.5618
0.86593,0.80407,-0.0047786,-0.95371,1.261,1.5378,-0.2825,0.68031
1.2378,-0.58953,-0.44662,1.4628,1.3861,0.99622,0.22948,1.3358
0.77304,0.23974,-1.1637,1.4162,0.39074,1.1872,-0.73709,-1.2632
-1.4368,-0.1703,-1.6796,1.2215,-1.5699,-0.87444,1.0316,-0.49638
0.83494,0.36872,-0.74836,0.52372,0.35729,0.50775,0.52766,1.6389
-0.4835,-0.73842,0.27322,0.14908,-1.0721,-1.2303,-0.72814,0.57861
-0.38496,-0.11213,-1.3219,-0.84813,0.60998,-1.6656,-1.1292,-0.53969
-1.6928,0.94756,-1.616,-1.394,0.4482,-0.97663,1.6344,0.27772
-0.034854,-0.17251,-0.91633,-1.6207,1.0333,0.12538,-0.91377,0.31259
1.0315,1.0795,0.72842,-1.7246,1.5526,-1.014,-0.87845,-0.52206
-1.296,-0.73373,0.53849,1.4524,-0.23236,-0.73959,-1.2133,-0.42037
-0.65886,0.75687,-0.57369,1.114,-0.3329,1.4706,1.5546,0.11388
-1.1668,0.2922,-1.5904,-0.40315,-0.29727,1.7082,-0.16139,0.75071
0.49606,-0.23979,1.3941,0.91832,1.1708,-1.5434,-0.76617,0.42186
1.1906,-1.1112,0.38543,0.4867,-0.78492,0.15605,1.0877,-0.11931
1.2163,-1.6276,-0.34406,-0.6825,0.63908,-0.28982,1.0642,-0.6021
0.82025,1.2796,-1.3601,0.71252,-0.44106,1.1922,-1.6178,1.3364
0.28012,1.1419,-0.75521,-1.595,-0.1626,1.7292,0.60803,0.47267
-0.62031,-1.7243,-1.0725,-0.80235,1.1631,-0.18381,0.27101,-1.2533
-0.037381,-0.59068,-1.2022,-1.2058,-0.3046,-0.71437,0.45286,-0.39601
-0.86879,0.097061,1.6657,-1.4833,-0.098377,-0.64721,0.41957,-1.5265
1.4497,0.78649,-1.7077,-0.8088,-1.1835,-1.651,-1.3852,-0.15343
-1.2855,1.5883,-1.2183,0.075447,0.75728,-0.23798,1.1737,-0.61695
0.16667,0.20227,0.05651,-1.3605,-0.98933,0.69467,0.9212,-0.79492
-1.3127,0.93935,-0.71841,-0.75507,0.43304,-0.06316,0.41402,0.14621
-0.74373,-0.27246,1.6602,-1.1564,-1.5515,-1.4324,1.3652,0.27494
-1.0352,1.0142,0.69477,-0.25016,-0.96292,-0.83683,-0.094972,1.1396
-0.23339,0.91826,1.2215,1.2521,1.7051,0.4925,1.5909,-0.11916
-0.17089,-0.88311,0.49926,-1.578,-0.74048,-1.1709,-0.27367,0.21384
-0.27393,-1.1767,-1.3823,0.067586,0.086007,-1.6315,1.1096,0.82379
-1.2684,0.90419,1.4255,1.743,0.29347,1.4113,1.5423,0.84182
1.6404,0.63108,-0.37718,1.5122,0.29928,-0.9258,-0.8039,-0.30003
-0.6692,-0.23863,1.0995,-0.15856,0.66342,-0.14689,1.6547,0.67073
-0.9024,0.51895,-1.3051,-1.4744,0.30963,0.12987,1.5229,-1.5469
0.36916,-1.6042,1.4474,-1.4091,-0.26922,-0.89521,-1.111,-0.68117
-0.33558,1.4941,-0.30109,0.93852,-1.4641,-0.2221,1.4222,-1.6505
-0.89111,1.1285,0.45675,0.15496,0.12121,-0.097907,1.6736,0.57566
0.53833,-1.3465,1.578,0.71093,1.3119,1.318,-0.58342,1.469
0.12622,1.6237,0.56338,-1.2142,-0.50069,1.0527,-1.7105,-1.4156
0.061237,0.99042,-0.5418,0.064702,0.11177,0.94082,-0.16911,1.1986
-1.1432,1.3207,1.6644,-0.10723,1.6811,0.065303,-0.89579,-0.2713
1.5344,0.90054,-1.5165,-1.0168,-1.6448,0.26198,-0.77474,0.57275
-0.77132,-0.7733,1.0863,0.40042,-1.387,0.91691,-0.43004,1.0348
1.3998,-0.55081,-1.23,0.9359,1.3829,0.51588,-1.2228,0.35159
0.74899,0.77403,-1.2925,-1.4802,1.1848,0.8211,1.3785,0.47762
-1.4652,-1.1337,-0.13158,1.5878,0.15143,-0.8876,0.14521,1.7094
-1.5707,1.277,1.5396,1.2177,-0.081563,-0.70545,-0.0075358,1.3694
-1.228,-0.39769,1.3373,0.58925,-1.254,0.46777,-1.5003,0.26069
1.4592,-1.7163,-0.78353,-0.78288,-1.0883,-0.82727,-0.83751,0.10925
-1.439,-0.10445,-1.1103,1.3706,-1.0706,-0.17332,-0.88813,0.14018
-0.17322,-1.5161,-1.6732,-0.17907,0.62046,1.1988,-1.6573,0.36342
-1.1117,-0.6061,0.025868,-1.3875,-1.3721,0.75504,0.13287,-1.5471
-1.1405,0.13702,0.40987,-0.19466,-1.1241,1.4595,1.1685,1.4715
-0.56306,1.0138,-1.3769,1.4173,-0.48374,0.37364,-0.22114,-0.2283
0.80683,-0.21056,-1.6313,0.99124,1.1237,0.61785,1.5401,-1.337
1.0715,-1.0857,0.93694,-1.1299,-0.59344,-0.35448,0.75746,1.5121
0.29427,-0.27971,0.14401,1.714,-0.33692,-0.18319,-1.2194,0.87679
-0.18368,-1.0288,-1.289,0.30404,0.42144,0.62307,-1.5088,-0.34595
-0.12079,-0.090628,-0.08064,-0.83763,-1.2314,1.5251,0.37176,1.577
0.15364,-0.23673,0.65245,1.4178,0.29806,-1.0711,1.1819,0.65341
-0.10957,-0.82226,-0.66439,1.1732,0.059467,-0.15451,0.41698,1.6497
-0.73899,-0.73608,-1.7055,-0.14196,0.065673,0.77521,-1.1873,-1.6808
0.76205,-0.020582,-0.11156,-0.32305,-0.80815,1.0529,1.1849,0.95414
0.00071368,0.15442,1.1499,-1.0447,1.1564,0.36055,-1.3532,-0.91956
1.0556,-0.77418,-1.5237,-1.2911,0.78574,-0.96631,0.46268,-1.697
-0.063873,1.1649,0.59269,-0.92011,0.12387,0.58224,1.1142,1.5096
-0.54381,1.2597,0.79907,-0.32425,-1.4059,0.56028,-1.361,-1.6393
1.1153,0.64057,-0.18823,-0.13752,-0.85376,-1.6373,-0.1626,0.56788
0.44207,-0.59523,0.64431,1.0675,1.6713,1.2819,-0.55937,-1.3455
1.4441,1.2859,-0.035337,-0.10991,-1.0036,0.93458,-1.7229,0.46827
-0.11406,-0.44663,-0.31827,1.5269,-1.2625,-1.6583,1.4311,-1.6463
-1.3774,-1.2516,-0.87541,-0.78574,1.0626,-1.647,1.0284,1.6063
-0.92318,-1.1799,-0.62336,1.3769,0.034996,-0.76518,-1.583,0.90489
-1.1385,0.63309,-0.29628,0.24838,-1.5752,-0.93394,1.4792,-1.6121
1.4587,0.2164,-0.48069,0.95948,0.075746,0.45748,-1.0598,-1.1644
-1.1288,1.6777,-0.29008,1.3765,-1.1536,-0.082764,0.86308,1.5244
-0.35661,-0.30208,-0.041442,0.95711,0.28247,1.0358,-0.71207,0.044787
-1.7003,-0.25657,-0.38184,-0.53752,1.4689,1.4604,-1.6572,0.53914
-0.090073,0.096666,-0.54969,0.065708,0.96331,1.354,0.82506,-1.0068
-0.035886,-1.6967,-0.045832,-0.56661,-0.73702,1.5973,1.3421,0.72709
-0.55841,1.6672,-1.3353,-1.653,1.1014,-0.066229,1.4471,-0.77088
-0.75747,-0.085187,-0.061189,-0.054852,-1.0479,-1.3042,-1.2565,0.22821
-1.4582,-0.92087,-0.43535,0.94857,-0.21798,-0.93522,-1.0416,0.74667
0.078541,-1.3207,-1.6822,1.0077,-1.6715,-1.5985,1.1387,1.4736
1.1583,-1.6559,-0.95994,-0.47882,1.7108,-1.4056,0.24017,-0.86123
-1.4873,-0.44045,-0.20543,-1.2397,1.322,-0.55951,0.18578,0.45047
1.373,0.32106,-0.093899,0.52891,0.87066,-1.6841,0.43048,0.64067
1.1139,-0.95827,1.5128,0.29836,1.0734,0.52166,0.11675,0.61911
1.5861,-0.69536,0.14959,-1.6007,0.0012783,-0.65679,-0.25105,-0.43807
-0.93929,-1.3325,0.12126,-1.5827,0.4822,0.18574,-1.3556,0.74509
-1.6078,0.19213,-1.5595,-0.48734,1.1744,-1.228,1.5068,1.7055
1.2443,-0.87412,-1.4907,-0.54666,-0.44134,1.5272,-0.045116,0.93484
1.1879,0.93636,0.28301,0.32209,1.2801,-1.3175,-1.545,-0.06861
-0.27632,-1.3242,-0.85716,-0.6881,-0.77517,0.40187,0.23943,0.55931
-1.4784,0.68318,-0.82386,-0.66168,-0.36635,1.1552,0.61097,0.24686
0.82916,1.5646,-0.60175,1.6245,-0.15582,-1.5145,0.25875,0.1345
-0.38744,0.70394,0.43849,-1.2871,0.70641,-0.74856,0.89262,-1.6141
0.12207,-0.30525,0.027804,-1.2136,0.18854,0.092208,0.4013,-1.2369
-1.639,0.42543,-0.47874,-0.47198,0.65693,0.15644,-1.7266,0.43261
0.057,1.2637,1.3233,-0.44443,-0.79286,0.34351,1.5982,1.6701
-1.1984,0.57126,-0.5868,0.10093,-0.69904,-0.99488,-1.5319,1.6719
-1.2994,0.31932,-0.70142,1.5919,-0.47578,-0.16345,-1.2093,-1.4616
-0.60142,1.2526,-0.0557,0.0024861,-1.0403,1.4179,-1.1241,1.1985
0.021664,-1.4889,-1.0524,1.4256,0.48399,-1.6767,-1.426,-1.2066
0.03109,1.0281,0.98711,-0.97572,-1.418,-0.081308,-0.86261,-0.80893
-0.83596,-0.3589,0.79311,1.2525,-0.27321,-1.6322,0.89343,-0.81013
-0.25899,1.1019,0.69954,-1.3878,1.469,0.29497,-1.3799,-1.5553
-1.0125,1.2324,-0.30814,0.18361,-1.1927,1.3879,-1.1752,0.17467
-0.56939,-0.42251,-0.64539,-1.1845,-1.7108,0.61506,0.18725,0.82317
0.068007,1.0964,-0.58282,-1.044,-1.1886,-0.84987,-0.7661,1.4432
0.79196,1.5908,-1.5586,0.60629,0.40628,1.1212,0.55188,-0.49166
-0.47959,0.91619,-1.1419,0.84803,1.5947,0.81087,0.72767,0.05043
0.48945,-0.7271,-1.4242,-0.17245,0.020514,-1.5324,1.6328,-1.022
-0.021629,0.63903,-0.59792,0.78727,0.76369,0.28594,-1.3277,1.6894
0.3358,-0.00091076,-1.5152,1.3682,-0.84472,1.3703,-1.6909,1.3282
0.84897,1.319,-1.1644,-0.1156,-1.2181,1.3468,-0.2704,0.22098
-1.2613,-0.13673,1.3734,-0.86149,-0.6221,-0.45163,0.059137,1.1909
0.34396,1.4645,-0.20863,0.28201,0.7043,-1.5128,1.5987,-0.31937
1.7157,0.96401,-1.3949,0.39596,-1.7337,0.13455,-0.40244,0.29875
-0.95872,-0.74844,0.37479,-0.7451,-0.30169,1.063,0.32226,1.3215
0.30138,-0.30444,-0.3337,-1.1915,-0.47422,0.71618,-0.063418,-1.1911
-0.25612,1.5551,-0.46822,-1.0081,1.5537,1.4089,-0.83998,-0.76799
-1.0543,-1.6241,0.54033,0.47196,0.8058,-1.0228,1.351,1.4078
1.4403,-1.3099,0.8351,1.0861,0.89283,0.59178,1.3011,-1.4232
0.59315,-0.76535,0.7579,1.0482,-0.46869,1.2507,1.0001,-1.693
-0.68029,-1.7343,-1.1353,-0.1852,0.53828,-1.1053,1.347,0.28742
0.94169,-1.7228,-0.51761,-0.72496,-1.3692,1.1287,1.181,-0.21065
-0.99932,-0.49383,0.16581,-1.5855,1.656,0.62245,1.3477,1.3049
1.6045,-1.1011,-0.13374,0.51921,-0.14339,0.53799,0.28192,0.61748
-0.29226,-1.4571,-1.194,-0.72862,0.66863,0.71434,-0.32271,-0.2475
0.72891,0.31291,0.49075,-0.95753,0.45823,0.5377,1.2058,-0.68818
-0.98158,1.1757,1.1076,-1.4609,0.14737,-0.40713,-0.68362,0.11144
0.80273,-0.5237,-1.1471,0.40012,-0.42518,-0.14166,-0.67228,0.45251
-1.2336,-1.2981,1.0597,0.071303,-0.077308,0.088493,-0.22568,1.5314
1.2766,-1.4488,-1.6258,-1.2873,-1.3679,0.90558,1.3718,-1.4095
-1.0071,0.79465,1.3932,0.93062,0.6863,-0.70963,0.99021,0.56464
-1.2143,-0.6988,-0.66706,1.6726,-0.44711,0.31906,0.52908,-1.3085
0.41592,-0.68806,0.30978,0.81312,-1.4671,0.60415,0.51216,1.3417
1.6826,0.9795,-0.70702,0.71283,0.43051,-0.80637,-0.28929,0.47568
-1.5811,-1.1136,0.72528,-1.6936,-1.4665,-1.2326,-1.3747,-1.6388
-0.74206,1.6902,1.5429,-0.95629,-1.7067,-0.11191,0.3707,-1.3069
1.6715,-1.5774,0.15999,0.023375,-1.6235,-0.18948,-0.58279,-1.5844
0.48673,1.3015,0.061938,1.3477,-1.3427,0.021639,0.91789,-1.6066
0.76971,0.074132,1.4043,-1.1658,0.24604,-0.53847,0.68153,-1.3798
0.91779,0.22085,-0.69246,0.76625,-1.3849,1.3339,1.3997,-1.4054
0.7441,1.6866,-0.36935,0.90876,-1.399,-1.1962,0.34682,1.6554
-1.5269,-0.83413,0.98574,0.46369,-0.3482,-1.2053,0.85716,-0.37249
0.4707,0.14988,-1.5817,1.2826,0.55615,0.89488,-1.3528,1.1719
0.52612,-1.2478,-0.74664,0.80828,-0.24048,1.6616,-0.61323,0.72777
-0.78174,-1.7104,-0.55413,0.69188,-0.40964,-0.56594,1.5359,-1.2588
0.42414,1.1099,0.82308,0.5572,-0.33033,-1.1633,-1.2233,0.50877
-1.6901,-0.18054,0.33018,-1.2501,-0.6709,-1.2587,1.523,-1.3918
-0.64638,0.97955,-1.0655,-1.4751,0.51617,-0.95711,0.61731,-0.89608
-0.28629,0.97982,0.99407,-0.87009,0.54806,-0.73616,1.447,0.61513
0.11015,-1.3021,-0.23912,0.60492,0.9545,-0.12935,-1.2695,1.4356
-0.56056,1.3452,0.6574,0.47891,0.93466,-1.352,0.63355,0.24784
-1.1369,1.6705,-0.95533,-1.2261,0.14103,0.88397,0.20791,-1.276
0.90997,-0.82005,1.6705,-1.1245,1.2328,0.46387,-1.1737,-1.5217
1.3673,-1.4882,0.34576,0.82144,-1.5234,1.0797,-1.5738,0.11713
-0.90558,0.040312,-1.5924,1.0055,1.559,0.27403,1.3027,1.1347
-1.0745,-1.2249,0.38904,0.27435,-0.67276,0.52031,-1.4725,-1.1813
-0.55488,-0.037983,0.64256,0.15173,-1.5974,-1.6713,-0.39236,-0.58025
0.24701,0.83884,0.59559,-0.39819,-1.1872,-0.34617,1.0336,-1.4573
-0.70064,-1.1714,-0.38438,-0.051349,-1.6984,-0.59833,-0.076237,-1.2761
-1.1278,-0.13503,1.5646,-0.23758,-0.70117,1.0784,-0.25789,-0.0019043
0.33251,0.21377,-1.0352,1.3923,1.4932,-1.5825,0.5766,0.5402
-1.6988,-1.0016,0.28278,0.86147,-0.030128,-0.63802,-1.3647,0.048236
0.61555,-1.2936,-1.3016,-0.5633,0.048268,-0.16752,1.1228,1.3382
-0.66398,-1.267,1.4198,-0.033198,1.2638,-1.2095,1.4315,-1.2969
1.3712,-0.33863,0.97378,-1.2157,-0.79148,-0.61815,0.56413,1.2759
-0.63329,0.58903,-1.7031,-0.82001,0.76688,0.1651,-1.7099,0.84611
-0.43611,-0.083898,1.5783,0.74938,-0.24767,0.042846,0.54152,0.81772
0.57405,-1.4318,0.58457,1.3218,0.96334,1.4402,-0.74387,1.0602
1.248,1.1069,0.22505,-1.2991,-0.23197,-1.1951,1.6043,-1.3014
1.2638,1.6083,-1.0987,-0.58948,-1.1861,1.0385,1.0933,-0.24506
1.2604,0.6509,0.13133,-1.6881,-1.0654,0.96554,0.85986,0.80343
1.528,-0.31527,0.15042,0.099998,-0.973,0.11432,-0.59964,1.4112
-0.086225,-1.3179,-0.50416,-0.84211,-0.049704,1.0119,1.2973,1.1811
1.244,0.7102,-1.7086,-1.0125,1.0618,0.047683,-1.5123,1.1206
0.18468,1.7308,1.4806,-0.29144,1.4111,0.29797,-0.33089,-0.58051
0.11322,-0.91363,-0.091988,-0.82666,0.4729,-0.34262,-1.5768,-1.5507
0.36354,-1.7222,0.095381,0.92722,0.46981,-0.71743,1.068,0.91829
0.28294,0.15958,-1.5305,0.74213,-0.25718,-0.64601,-0.20918,0.26284
-0.41938,0.55606,-0.30058,-0.1031,1.1393,-1.0892,0.14253,-0.60218
-1.4518,-0.26633,0.24307,0.28391,-1.2887,-1.5109,-1.6322,0.92549
0.66398,1.045,-1.4949,0.36267,-0.52644,-0.11443,-0.21972,-0.71407
0.91678,0.13211,0.52691,1.3509,0.29063,0.20281,-1.3577,0.48047
-0.54963,1.6817,-0.47509,-0.053994,1.0162,0.74812,-0.40389,-1.3168
1.1042,-0.46568,-1.7005,0.041604,0.87056,0.74294,0.85035,0.70917
0.63004,0.024586,0.60763,1.461,0.68159,0.30175,-1.4453,-0.92761
0.72091,1.4072,-0.83513,-0.51017,1.571,0.76657,-1.0523,0.9802
-1.011,-0.43003,0.82252,-1.6364,1.435,0.45342,1.151,-0.32465
0.86684,0.62054,1.1401,-0.066883,1.4809,1.582,0.80631,-0.66366
-0.39898,0.92969,1.2945,0.81374,-0.68054,0.60674,-1.4433,-0.76206
-0.33733,0.094541,-0.56255,0.9897,0.090573,1.1365,1.3096,-0.4976
0.89205,0.72587,0.06625,1.555,-0.53236,-1.2225,-0.22281,0.77562
1.6411,0.63115,-0.85457,1.6407,-0.0179,0.41161,-1.445,-0.16113
-1.3233,0.91677,-0.67143,0.87342,1.1758,0.50867,1.001,1.7191
0.67518,-0.77233,-0.32296,0.24926,-1.4567,0.092906,1.5637,0.64598
-0.022002,-0.59281,-1.2153,1.383,-0.2183,-1.1428,-1.5405,1.6881
-0.2,-1.5139,-0.10202,0.4944,0.79431,-1.1038,-0.61201,1.2025
-1.1933,1.3173,0.93698,1.321,-0.43067,-0.47444,0.09913,0.73583
1.6264,1.7466,0.94888,1.6122,-0.084875,0.043792,-1.4479,-0.5985
0.29393,-1.6928,1.4459,-0.65244,0.55242,0.8493,0.56983,-0.9787
1.0909,-0.043163,1.3384,1.7273,-1.5887,-1.6913,-0.86745,-0.71074
-0.75878,0.48868,0.4537,1.3156,-0.24075,1.2685,-1.5305,-1.0699
-1.4308,-0.30868,-1.7067,0.86166,-0.94643,-1.5031,1.3743,-1.6405
1.1152,1.119,1.6578,0.84872,-1.321,1.6269,-1.7335,-0.14649
1.4435,-1.3223,0.6397,-1.4181,1.3249,-0.96013,-1.0707,1.1755
-0.89052,1.4994,1.1906,1.2096,1.5216,1.1458,-0.71094,-0.50734
-0.95244,1.227,0.82862,0.71795,-0.80897,1.081,0.31053,-0.20318
-0.19451,1.1079,0.65196,0.1953,-0.3671,-0.0003354,-1.7043,0.2144
0.7293,-0.92896,0.4866,0.53634,-1.2553,0.55542,-0.21575,0.32854
-0.54697,1.42,1.3241,-0.87237,0.59735,0.21528,0.1308,-0.46414
1.3684,-0.79776,0.13512,1.6882,-1.3404,-0.15436,0.95276,1.1061
-0.040108,-1.3225,0.68186,-0.84782,1.4075,0.89441,0.16509,0.6131
-0.69736,1.0842,-1.0393,0.40828,-0.36455,-1.7083,1.4336,-0.15725
0.79977,-1.3667,1.5297,0.74754,0.39093,-1.5608,-0.83407,0.256
0.43512,0.52112,0.24099,-0.64883,-1.5527,0.34417,-1.0991,-1.1866
-1.495,-1.5674,1.6666,-1.056,1.391,-0.81794,1.4983,-0.70629
-0.12252,-0.32892,-1.2499,-1.4922,1.291,0.37604,0.52788,-0.8866
0.78841,0.90296,1.2865,-1.3192,-0.72793,0.94189,1.0731,-0.8612
0.81214,1.481,-1.2246,-0.11126,1.1398,0.71109,-1.015,-0.91195
-1.2203,-0.96974,1.1619,-0.57742,0.3232,-1.2801,-1.4574,-1.1463
0.66732,-1.3165,-0.43349,-0.92624,0.21791,1.5868,-0.32876,0.31023
1.5842,-1.514,0.90919,-0.63621,-1.6985,-1.3659,-0.97349,-1.5711
0.62048,0.96179,-0.15727,-1.3717,0.82425,1.2791,0.90415,-1.5139
1.5903,-0.84368,0.15516,1.5651,0.57058,0.49497,-1.6647,0.27505
0.22783,0.66209,0.58486,0.23769,1.0566,-1.0724,1.3395,0.77608
1.0015,0.9603,0.38091,1.7175,-1.1865,-0.18867,0.68084,1.4793
-0.25896,1.1701,-0.95068,1.3754,-1.5233,0.20229,0.60734,0.86784
-1.6346,1.6684,-1.3492,-0.60255,1.1047,-1.6321,1.5024,-0.084526
-0.23841,-0.032963,0.43475,0.66158,-0.023418,0.80159,0.54847,-0.60719
-0.37728,1.0221,-0.86741,-1.1596,-1.488,-0.6615,0.62524,-1.2939
-0.015278,1.6977,0.65743,-1.381,1.6477,1.6907,1.4164,1.7153
1.3202,-1.4885,-1.2606,0.56836,-0.18203,-0.55785,1.0284,-1.377
-1.5619,-1.4132,0.67737,-0.60353,1.0389,-1.2106,1.3249,0.57925
0.61336,-0.34109,0.42708,0.57821,-1.3877,0.064667,0.98445,-0.72835
-0.32928,1.2606,0.38048,-0.89843,1.4985,-1.0765,-0.41941,0.0062942
-0.38276,-0.33109,1.2501,-1.0568,1.3128,1.6327,1.3466,-1.1992
0.43418,1.6283,-1.7667,-0.56164,-1.5608,-0.76129,-0.3483,1.2741
-1.5695,0.094297,-0.2659,1.5025,-1.4939,1.3092,-1.4569,-0.65919
-0.16033,1.0291,-0.36089,-1.6245,1.4156,1.6984,-0.38283,1.0951
-0.91763,0.12428,0.98009,-1.6517,0.49428,-0.38795,1.1034,-0.35184
0.03987,-0.94339,1.0836,-0.15481,-1.1359,0.86223,0.79322,-0.18057
1.2308,-0.56236,0.85059,1.6835,0.18391,0.69964,0.65387,1.1353
0.036606,0.92823,-1.0533,1.2554,0.66591,0.5626,1.3634,1.682
0.8586,-1.034,-1.26,-0.91633,-0.84731,0.95567,-1.7192,-1.4627
0.85398,0.25913,-1.7308,-0.35093,0.1458,0.1659,-0.18766,1.2398
-0.19666,0.46286,0.52912,1.6575,-0.040778,-0.86936,1.2801,0.49901
-0.043,0.85419,-0.77893,1.6031,1.6126,0.38134,1.1614,-0.45329
-0.33752,-1.0286,-0.045807,-0.70108,1.5417,1.3449,-1.1458,-0.96631
-0.62589,-1.4558,0.41194,0.89063,-1.578,-1.4326,-1.2132,-0.79117
1.6244,0.38972,0.32848,-1.1893,0.0090713,-1.6601,0.21016,-0.9621
-0.11133,-1.5341,0.57377,0.60134,-0.90701,1.6674,-0.35905,-0.21633
-0.25524,0.33638,-0.79699,-1.6293,1.0314,1.7184,-0.47254,-0.33026
0.51885,-0.97541,-1.1856,1.7167,0.079066,-0.2939,-0.09105,-0.44531
1.3623,-1.2867,-0.85858,0.47752,-1.7127,1.1298,0.048019,-1.7272
-1.5429,1.2277,1.472,1.4922,1.2121,0.18225,0.96321,1.1914
-0.74121,-0.47747,1.3159,-0.62771,-0.012434,1.5315,0.93272,0.21179
-1.6493,-0.21908,1.2236,-0.18091,0.67375,-0.9436,0.53234,0.40612
-0.65227,-1.6549,-0.58809,0.72461,1.4171,-1.2669,-0.67424,-0.84927
1.1585,1.4122,1.0902,1.0166,1.5631,-0.45329,1.4938,-1.0322
0.676,0.31269,1.6884,0.42196,0.0074281,1.6706,-0.099313,-0.64287
-0.64943,0.54796,-0.62708,-0.26959,1.3493,0.04784,-1.5282,-1.2637
-0.11287,1.007,-1.3182,-1.5458,-0.90304,-1.4877,-0.70331,-1.5939
0.10686,1.2971,-0.43256,-0.26953,1.0724,-0.32287,1.6644,0.24539
1.2544,-0.4275,1.3531,-0.85387,-0.87841,-1.1018,-1.0293,-1.4253
0.64134,1.2762,1.2395,-1.0602,-0.047908,-0.36386,-1.0993,-1.4909
-1.072,1.1292,0.43125,-1.4295,-0.86244,1.3951,-1.0593,1.1588
-1.0384,0.20631,0.34293,1.3156,-0.18616,-0.076581,1.0882,0.085954
-0.90217,0.52949,0.86542,0.83479,-1.6311,-1.1484,-0.68074,-1.0228
-1.1794,0.58363,-1.5949,-0.0019735,-0.43751,1.0443,-1.279,-0.77467
-1.3819,0.36244,1.5567,1.7147,0.63851,-1.4875,-0.16168,0.2058
1.0036,-0.44063,-1.0973,-1.2995,0.75919,0.899,1.4364,-1.6731
0.24789,1.4889,0.16768,-0.94855,0.51368,-0.053905,-0.14903,1.6296
1.6379,0.13133,0.7116,-0.95281,-0.44712,1.2209,0.020642,-1.0548
-0.71722,-1.1219,0.34132,0.91296,-0.25974,-0.50095,1.4198,1.1761
-1.7168,1.306,-1.1199,1.3932,0.17526,-0.39357,-1.4971,-0.44215
0.060607,-0.54944,-0.46281,0.77659,-0.94131,1.0525,0.57852,-1.477
-0.28946,0.9424,1.2665,0.60576,-0.63408,-0.7797,0.093846,-0.91905
-1.6755,-0.83609,-0.6212,1.0029,-0.8078,0.80516,-0.7282,-0.89665
0.86417,-0.062577,1.3159,0.20373,0.20703,-0.38681,-0.41838,0.2516
0.92604,-0.9653,1.0541,-1.2764,-1.5449,1.2327,1.4353,0.12194
-1.5667,0.92208,-0.56543,0.30355,0.33511,0.23978,-1.6104,1.3302
-0.050134,-0.46925,-1.4933,1.5612,-1.5491,0.054755,0.19639,-1.684
1.1512,0.7032,-0.68046,-1.0567,1.5368,-1.2457,-0.79695,1.0916
0.38651,0.1357,-0.75021,1.1865,-1.3551,0.37225,-0.58245,0.029802
0.30058,0.67046,-1.0458,0.3786,-1.1869,0.17478,-0.35246,1.0474
1.3324,-0.19138,1.7027,-0.30551,0.43821,0.41093,0.37066,1.6512
-1.4874,1.3101,-1.6668,0.47075,1.518,1.256,-0.44577,0.96357
-0.90132,-0.25236,0.8851,1.6743,-0.88803,0.34059,1.0069,-0.75373
0.51192,-0.58908,1.1408,-1.5,0.27377,-0.07626,1.2593,0.61912
-0.76308,1.2251,-0.99533,0.93834,1.4128,0.054848,-1.6895,0.32435
0.86688,-1.2758,1.094,1.5291,0.45807,1.0717,1.6074,0.35646
-1.7252,-1.4061,-1.0647,0.28638,1.0946,-1.3231,-1.5854,0.30724
1.1488,-0.18954,0.72276,1.3353,0.0086086,-1.3334,-0.62867,-0.41584
0.18579,0.635,-0.41907,1.5212,-0.17309,-1.7001,0.93037,-0.80232
-1.5886,-0.98456,-1.275,-0.71276,-1.1263,0.30938,-1.313,0.87291
1.6612,-1.3417,0.50053,0.02378,-1.4535,0.20059,-0.28552,1.3604
-1.0412,-0.16219,1.291,0.71873,-1.4731,0.08868,-0.060408,-1.3646
-0.11828,0.7679,1.3502,1.1287,0.39562,-1.3018,1.6357,0.77065
1.4753,-0.76601,0.90331,1.3872,-1.443,-1.0827,-1.2837,0.85347
1.6333,0.27159,-0.25448,-0.15035,-1.0995,1.1759,1.399,-1.5633
1.2581,-0.54541,1.4821,-0.091076,-1.7116,-0.2364,-0.2289,0.13037
-0.41455,-0.028321,-0.74573,0.2852,-0.31598,1.5468,-0.32504,0.56316
-0.34201,0.78691,-0.97294,1.2165,-0.12265,-0.38708,0.78706,1.6706
0.13105,-1.5198,1.5652,0.40227,-0.13581,-1.4043,-1.049,-0.76074
-0.25024,0.30962,1.288,-0.61067,1.5292,0.86398,1.042,0.53403
0.69598,-0.41934,-1.5488,0.72508,0.80397,-0.0027319,-0.87189,-1.0644
0.47322,0.57262,1.4826,-1.0764,1.6763,0.18351,0.70168,0.50777
-0.75983,-1.6885,-0.099158,-1.2943,1.0338,-0.97957,-0.26369,1.6691
-0.87298,0.23099,0.31542,1.1091,-0.25655,0.75374,-1.3434,1.2638
0.088686,1.1851,-0.27014,0.36322,1.6672,-1.0639,-1.0812,-0.077207
1.0144,-0.81801,1.0649,0.088163,1.1871,0.90538,1.0259,-1.306
1.6157,-0.2531,0.47559,-0.45846,0.37734,-1.3857,0.69664,0.67021
0.93579,-1.2878,-0.76723,1.1128,-0.3292,-0.11956,1.3192,1.3689
1.6219,1.0665,0.52773,-1.0162,0.76058,1.5573,0.18026,-1.6105
1.5868,0.61449,1.3026,-0.69208,-0.72773,0.7404,-0.074635,-1.5714
-1.5934,-1.2669,-0.67511,-0.17587,-0.49241,-1.4062,-1.4015,0.34515
1.0162,1.2021,0.57504,-1.7186,1.1511,-1.1321,-1.4162,0.42546
1.6102,-0.67388,0.31954,0.18687,-0.63082,0.8548,-0.17026,-1.1712
-0.42145,0.16151,-0.0058752,1.244,1.2199,0.64727,0.69714,-0.48232
1.1387,1.3457,1.3492,1.426,0.81234,0.47201,-0.82829,1.5015
0.89588,1.5699,-0.013769,-0.52694,-0.61816,0.29925,-0.60623,-0.96402
-0.42338,0.30607,1.0837,-0.52215,0.25037,-0.022586,-1.439,-0.36563
-0.02036,1.629,-0.10188,-1.4872,1.6956,-0.72575,0.12289,-1.6886
-0.81223,-0.64129,-0.30582,-1.3488,1.5561,-0.5379,0.14782,-1.0077
1.2409,-0.25589,-0.76926,-1.6139,-0.34173,0.33199,1.3816,-1.565
1.025,0.17892,-1.2484,-0.91741,-1.1168,0.11886,1.7037,0.93246
-0.2584,0.81109,0.67951,-1.5598,-0.25982,-0.53669,1.5914,-1.2024
0.55374,0.21361,1.5221,1.2086,-1.2214,0.0088072,1.0648,-0.61117
-0.27156,1.4173,1.136,0.92128,1.3937,0.47487,-1.6205,-0.51787
0.085023,-1.1973,0.64451,-1.0298,1.46,0.70112,0.89325,-1.0677
-1.354,-0.14729,-0.7905,-0.82465,1.1183,-1.4287,0.90259,0.45956
-0.42531,0.89495,0.79088,-0.92102,-0.98139,-0.82882,0.68186,1.2902
-0.67046,1.4682,0.40518,0.57661,-0.37155,-1.4363,0.67449,1.652
-0.2897,1.7436,-1.3491,0.70523,1.0645,-1.4769,1.3557,-1.6767
0.18207,1.7337,-1.3854,1.6629,0.1858,-0.20926,0.24601,1.2948
-0.975,-1.3875,1.0593,1.2831,0.72729,-0.93135,1.549,1.6064
-0.28989,0.29177,-0.73302,-0.34038,-0.99624,0.8442,0.61975,-1.4803
0.67337,-0.86943,-0.53923,-0.79753,1.5175,1.5535,-0.26214,-0.55531
0.35084,1.1089,0.068488,0.22563,1.5847,-1.6375,0.42292,-1.6651
-0.27207,1.0319,1.6323,-0.87922,0.29815,-1.1703,0.098413,-0.49862
-0.082632,0.27542,-1.2036,0.87469,-0.99299,1.6207,-0.30259,-1.6173
0.74794,1.0912,0.074883,-0.69416,-0.82376,-0.9038,-1.5817,0.75031
-0.5197,-1.1762,-1.14,0.53837,0.01936,0.65436,1.5264,-1.1277
-1.445,1.3706,-0.77478,1.2872,0.31109,0.80622,-0.55687,1.7139
0.84864,1.1308,-0.96992,-0.48622,1.131,-1.3221,0.89003,-0.98079
-0.47528,0.68027,-0.28539,0.4058,-1.5682,1.2225,0.77306,-1.1837
0.89413,0.48366,-1.3058,-0.48732,0.34775,-0.10732,1.1959,1.6351
-1.5963,-0.93468,0.05073,1.6597,1.0483,-1.4259,-0.042796,1.0742
-0.2913,-0.62967,0.24988,1.7271,1.6424,-0.46866,0.16417,0.21669
-0.28873,-1.2897,-0.18074,1.1003,-0.57074,0.15418,-0.51717,-0.021095
-0.77487,1.3322,-1.1034,-0.37163,0.6575,-0.30177,0.070457,1.7302
0.090286,0.86433,-0.11772,-0.27895,-0.22366,0.95006,1.6665,-1.0607
1.0074,0.19737,0.88613,-1.3724,-1.728,0.55914,-0.96522,-1.6618
0.27757,-1.2842,0.064031,-0.11821,0.41037,-0.41698,0.44065,0.21549
0.39702,0.024205,-1.6002,1.2761,1.6505,0.78605,1.0925,-0.92651
-0.27679,0.56108,0.73272,-0.68438,1.0792,-0.08031,0.95992,1.079
-1.2134,-0.38186,-0.11477,1.7399,-1.7364,-0.4387,1.5043,0.97482
-0.86327,-0.09836,-1.4446,-0.83211,-0.64392,-0.924,0.85172,-0.15663
-0.038984,0.93929,-1.7314,-0.4608,-1.267,-1.6705,-1.1742,1.1524
1.0556,1.3339,-1.3553,0.29301,1.3928,-0.7762,1.2473,-1.3
-1.1075,-0.72318,-0.68875,0.06448,0.69724,0.056303,-0.79011,-0.18209
-0.12176,-0.99254,-0.39039,0.16584,-0.19333,-0.25603,-0.011269,-0.051657
-0.39257,0.6589,-0.22303,0.96392,0.21152,0.22642,-0.336,-0.23969
0.35533,-0.20057,0.76295,0.15106,-1.2899,1.5224,-0.48741,0.29312
-0.24376,1.2947,1.6098,1.3067,-1.3645,1.2078,-0.94612,-0.78672
1.5172,-1.1847,-1.0406,1.5325,-1.7124,0.50955,-0.075236,0.61606
-0.54133,0.8577,-0.55442,0.81467,0.85185,1.6983,1.5519,-0.80408
1.0672,-0.75219,-0.02759,1.1464,-0.12118,-0.43717,-1.6579,-1.2271
-1.1615,0.54919,-1.3763,0.56023,0.28328,-1.6487,-0.93054,0.94491
-1.1857,0.42864,1.5578,-0.75176,-1.1331,-1.0989,0.41037,-0.61539
1.6222,1.0868,0.87393,-1.0016,-0.68923,0.051678,1.5514,0.72009
1.3159,0.052163,1.3225,1.2053,-0.50956,0.22112,-0.092132,1.0688
0.47897,1.312,0.75687,0.43992,-0.066969,-1.4221,-1.4251,-1.3825
1.5915,-0.94023,0.98691,0.033728,1.6067,-0.53295,-0.5465,-1.6334
-0.04465,-0.15268,-0.083399,-0.71617,0.95662,-1.1598,0.18627,-0.27793
-0.40143,1.2746,0.047708,-0.73926,1.3183,-0.99462,-1.6904,0.43404
0.31193,-0.99066,1.6274,0.72162,-0.46585,0.64825,-0.27589,1.7211
-1.7461,0.96175,-0.68835,-0.82234,-1.4932,-1.5948,0.75911,0.76518
-0.15513,-1.3591,-0.4545,0.11771,0.67475,-0.33612,-1.4349,1.1611
-1.1467,-1.3574,-0.69454,1.6599,1.3445,0.59459,1.5958,0.63923
-0.61433,-1.6124,-0.1123,-1.3115,1.0393,0.4146,-1.686,0.75349
1.6143,0.65078,-1.5352,1.4168,-1.4587,-1.2544,-0.21842,1.355
-1.3215,0.50079,0.7594,-1.2802,1.1226,0.91855,1.6945,-0.082273
-0.6154,1.4584,-1.6564,-0.6835,1.3871,1.2637,1.6336,1.3323
0.079121,1.2144,0.75125,-0.54614,-1.1086,-0.042414,-0.84221,-0.11717
0.9443,1.7495,0.11523,-0.35035,-0.13331,-0.19842,0.35246,-0.27366
0.86876,-0.83034,0.69914,1.3218,1.4908,-1.0784,1.0544,0.094088
-0.31835,-0.93583,-0.22121,0.47373,1.4264,0.22683,-0.65717,-1.4517
0.543,-0.22917,0.4668,-0.11319,-0.5319,-0.48719,-1.688,-1.3259
1.0391,-0.055328,-1.6034,-1.1653,0.6657,-1.3833,-0.05432,1.6529
0.87459,0.86384,-1.2588,1.6119,-1.5182,-0.59348,-1.2933,0.91676
0.08961,0.023103,1.2678,-1.3691,0.4291,-0.40935,-0.37256,1.0148
1.5577,-1.3715,-0.25017,-0.91852,-0.44804,0.45075,-0.86796,0.70403
-1.591,-0.92636,-0.41008,-1.0223,0.0038476,-0.91609,-1.5135,0.59868
0.93153,0.84918,0.63115,1.543,0.676,-0.19362,0.31027,0.36172
-0.88526,-1.5848,0.43074,0.58398,1.0169,-1.6508,-1.3454,-0.84496
0.89128,1.2618,-0.55776,-0.077713,-0.45697,0.3004,-1.6579,0.86865
0.80715,-1.6776,0.36231,1.6807,0.60037,1.4995,-1.4604,-0.77895
-1.2546,1.2671,-1.5725,0.84751,-0.58895,0.68455,0.8285,-0.17173
-1.3494,-0.49295,-0.91318,-0.030322,0.097978,0.41747,1.6816,0.8109
0.4604,-1.704,0.32575,-0.05133,-0.34184,0.010782,-0.62064,-0.045345
-0.87652,-0.27351,0.063323,-1.0939,-1.6537,0.96149,-0.081316,1.1213
0.72743,1.6368,1.6346,-0.17797,1.2429,-1.5057,1.3798,-0.38594
-0.90761,0.76389,-1.62,1.4208,-0.50533,0.29443,-0.32668,1.2185
-0.41873,0.75367,0.78562,-0.54485,-0.15581,-0.64365,-0.4405,-0.89846
-1.4336,-0.83259,-1.7529,0.9184,0.61215,0.78506,-0.39261,-0.2197
0.34807,-0.59343,-1.2264,-1.0876,0.34087,-1.1021,0.62697,-1.5649
0.78125,0.77263,0.76225,-1.2169,-1.0882,1.4958,-0.79124,0.91819
1.3811,0.30227,0.17649,1.0009,-1.2154,0.52347,0.7487,-0.96586
-1.6661,0.25913,-0.31697,1.7142,-0.078159,1.1381,-1.6186,1.3199
-1.2508,-0.37645,-1.0593,0.18354,0.64102,-0.94564,1.4185,-1.345
0.95319,1.6062,-1.0572,0.64092,1.4903,1.6366,0.52819,-1.5184
0.84308,-1.0377,-1.2087,-0.73654,1.2908,-0.95037,-1.138,1.6423
-1.5936,0.57137,0.32104,0.1636,-0.21129,-1.6865,-0.53482,-0.98011
-0.19315,-1.2819,-1.4323,1.6671,0.0084874,0.6531,-0.22313,1.0309
1.1205,-1.6804,-1.347,0.76561,1.5978,-0.36341,1.0828,-1.1764
-1.2101,1.7251,1.6624,0.19587,0.58176,0.89973,0.084519,0.69793
1.5367,1.5902,1.2589,0.93714,-0.85025,0.60109,-0.89444,-0.96695
1.1471,-1.3286,-1.1247,0.98549,1.6256,-0.43258,-0.092502,-1.4069
1.5789,-0.60358,-1.5223,-0.57289,-0.54327,0.071829,-0.45803,1.5608
0.23133,-0.45069,-1.4158,0.36017,0.15049,0.12133,-0.53614,-0.49885
-1.5588,-1.3291,-1.2176,0.071496,0.80187,0.37706,1.0131,-1.2389
1.3825,-1.3072,0.029147,0.57472,0.66978,-1.4164,-1.0873,0.23226
0.61094,0.27549,-0.031745,1.4598,1.4511,-0.67262,1.6839,-1.6332
1.57,-0.41417,-1.0441,0.028866,-0.25781,0.6345,-1.1763,-0.061362
0.11484,1.654,-1.322,1.711,0.69864,-0.73189,-1.3616,1.7116
-1.3882,-0.1345,1.6076,1.4962,0.5783,-0.67232,1.2791,0.095758
0.63383,1.3545,-0.098561,-1.2163,-1.2014,-0.45631,-0.99913,1.319
1.1181,-0.19785,-0.11167,-0.35659,1.643,-0.9838,1.0396,-1.4408
-0.73355,-0.066183,0.77189,0.40568,-0.73569,1.1804,-1.6836,-0.75514
-1.699,0.63985,-0.30001,-1.6484,1.4711,-1.3658,-0.73609,-0.22712
1.211,0.12083,0.26364,-1.511,-0.31522,-0.45725,1.2507,0.54639
-0.037212,-0.48232,0.68093,1.4523,-1.6544,-1.0596,-1.1635,-0.69654
-0.19641,1.0366,-1.7366,0.7584,-0.080493,-1.5302,1.2926,0.74568
0.17276,0.31211,-0.94229,0.88357,1.2294,0.006952,0.57685,0.31622
-0.68912,-0.89066,-0.56787,-0.75561,-1.1588,-1.6813,0.68123,0.40731
-0.43469,1.1133,0.51031,1.1068,0.77517,-0.82792,1.5952,1.6481
1.0064,-0.90973,-0.69165,-0.2573,0.9188,1.1833,0.31295,-0.29885
-0.28773,-1.6851,1.1927,-1.6795,0.5516,-1.3592,-0.1119,1.6293
-0.80945,0.95843,0.90114,0.52103,-1.4475,1.3044,1.4936,-0.6365
1.5344,1.5995,-0.95904,-0.77585,0.3797,0.77331,-0.73439,1.6898
1.0982,-1.4962,-1.6018,0.67997,0.79209,-1.5009,-1.6655,1.0875
-0.18687,0.68641,-0.90944,-1.2373,1.2412,1.0154,-1.2869,-0.0013417
1.4597,-1.2268,0.041148,-0.36058,-1.5965,0.27777,0.83159,-0.57481
1.0798,-1.3128,0.74975,0.60776,1.1061,0.75341,0.62996,0.60516
-0.79933,-0.77913,-1.6642,-1.5876,-1.4656,0.2616,0.31894,0.9953
0.90723,-0.14423,-0.81396,-0.60767,0.25257,0.70175,-1.6654,-0.56504
0.99024,1.0015,-0.43388,-1.0001,1.3685,0.60876,0.75098,0.55224
1.3896,1.344,-1.025,0.60498,-0.53522,1.6936,0.52617,1.4783
-0.1549,-1.5304,-0.92921,-1.611,0.074205,-0.16386,0.55838,1.2649
0.51153,1.1612,-0.27323,-0.85959,-0.8222,0.072521,-0.55042,-0.58947
1.2326,1.6931,-0.33218,-1.0898,-0.91687,-1.2209,-1.08,1.0278
-0.12817,1.4605,0.91039,-0.4086,0.65535,1.2961,0.18846,1.1543
0.012845,0.2807,-0.69982,1.1161,0.81951,-1.4374,0.92206,0.60304
-0.51497,0.74894,-1.6517,0.16098,-1.12,-1.3524,0.2344,-1.2244
-0.002808,-0.9051,-1.3826,0.4591,0.43235,-0.8403,-0.623,0.58929
0.063989,0.64716,-1.597,-1.6277,0.48208,-0.83356,-0.71278,1.5309
-1.0699,-1.4242,0.84558,-1.6799,-0.73019,0.2078,1.4679,0.61865
0.89966,-0.74826,0.024349,0.99964,-1.7134,0.20974,-0.17176,-1.3284
1.174,-0.50235,0.1152,-1.2269,-0.25197,0.29472,0.66245,0.10147
1.1895,1.2011,0.3568,0.16845,0.065387,1.2919,0.92667,-0.77352
0.17495,-0.2453,-1.4169,0.63879,-1.6753,0.62945,0.12477,1.034
1.3575,-0.2619,-0.75116,-0.50546,0.42686,0.13138,-1.3797,1.5783
0.45442,-1.4173,-1.1587,-1.7024,1.4997,-1.6251,-0.45474,-0.18001
0.89151,-0.26313,0.90325,-0.42874,-1.3268,-1.1845,-0.60986,0.17305
-1.1664,1.3243,-0.78893,-0.71703,-0.4472,-0.19778,0.83388,-0.80434
0.48227,-1.2657,-0.16955,0.92523,1.4172,1.6646,1.308,0.69757
1.4279,0.39528,-0.48669,0.43405,0.10543,0.99602,1.6676,-0.47839
1.3834,-1.0974,-1.3721,-0.83466,-1.0787,1.2688,-1.041,-1.4745
-0.073676,-0.43618,0.2099,-0.52714,-1.1885,-1.6373,-1.1883,-0.72649
1.2742,-1.1727,1.5393,-0.17808,0.11451,-0.051627,-1.2187,-0.25834
1.5695,1.2736,1.2061,1.5729,-1.4825,-0.032096,1.0949,-1.1509
0.24466,0.5812,-1.4653,1.5021,-1.1064,1.1529,1.6936,0.034886
0.98415,-0.82591,-1.1278,1.5064,1.3483,0.072139,-0.24746,-0.93195
0.36942,0.24173,0.27488,1.4263,0.46048,-0.050484,0.78321,-1.5741
-0.014189,-0.73553,-1.7069,-0.7216,0.97661,-1.4851,-1.6757,-0.17676
-1.1981,-0.47654,-0.56514,-1.3839,1.2476,-1.2507,-1.2887,-0.34163
1.3682,0.056566,-1.5819,1.7278,0.31481,-1.2664,0.83934,1.7232
-1.5046,0.024587,0.80406,0.47877,-0.51057,-1.0448,-0.13924,0.43834
-1.3797,1.177,-0.20282,-0.69669,0.59631,1.4677,0.2025,-0.30085
0.28218,-1.1639,-1.6481,1.1706,0.83612,0.26009,-1.7273,0.62866
-1.2552,0.64931,0.24919,-0.62526,1.4434,-0.54039,-0.61993,-0.59297
0.27652,-0.54857,0.21619,-0.092694,0.43198,-1.152,1.4406,1.2433
1.1311,0.19824,-1.0427,0.65361,0.72201,1.3899,0.74718,-0.10143
0.49627,-0.61049,1.0958,-0.4914,-0.44058,1.5045,-1.5338,-0.72332
0.5724,-1.207,0.85264,-0.17095,-0.29157,0.75106,-0.66953,1.5638
-1.1209,1.5313,1.3476,-1.6515,1.398,-0.41079,-0.62264,0.85011
1.1223,-0.60702,-1.2588,1.1672,-1.633,-1.3567,-0.39651,1.5832
-1.132,-0.39879,1.0664,0.64616,-1.7273,-0.37013,0.40235,-0.68442
0.926,-1.0312,0.60585,0.22904,-0.39356,0.54985,1.1586,-1.254
-1.0276,0.3007,1.6188,-1.5767,-0.73425,-1.5569,-0.3209,-0.73276
0.73649,1.5439,-0.58281,-0.06138,1.4592,-0.032387,-1.4804,1.7008
-0.78106,-1.6504,-1.4579,-0.92663,0.23998,-0.39429,-1.183,0.87783
0.12966,0.5453,-0.612,-0.43407,-1.2017,0.44725,-1.159,0.24906
1.5007,-0.47685,1.6476,-0.17298,0.76273,-0.92731,0.58876,-1.437
0.43499,1.4244,1.3879,0.34206,0.99079,0.77492,-0.80094,1.0625
-0.9032,-0.022692,-0.086162,0.73257,0.43411,0.58231,-0.3493,0.58149
-0.84314,-0.45295,-0.99663,-0.74359,1.0737,0.45666,-0.19641,1.1816
0.55532,1.1903,1.5237,-1.6347,-1.7023,1.3913,1.2793,-0.5163
0.32817,-1.7321,-0.76963,-1.6815,-0.3216,-0.8815,0.076505,1.4535
-1.2707,-1.2499,0.41066,-0.74683,-0.35959,1.3101,0.9885,1.3055
-0.44637,1.4691,-0.40554,0.46621,-1.4242,0.25301,-0.46907,-0.69193
0.22105,-0.22925,-0.76569,0.13543,0.64028,-0.073901,1.5165,0.58943
-1.1223,-0.426,0.87222,-1.1663,-0.41199,-0.11909,-1.6196,0.24696
0.032321,1.3859,0.43793,-0.90785,0.05921,0.99539,-0.38803,-0.63882
1.6889,1.1254,1.0465,-1.6368,1.5616,0.99901,1.5391,-0.40529
-0.9332,0.82608,-0.46973,-0.94936,-1.1847,0.78831,0.57625,0.24435
1.4098,-0.58994,0.79697,0.70892,-1.4968,-0.30554,1.5295,-1.4233
-0.83444,0.047689,-1.6832,0.78088,-0.79389,-1.1926,1.2031,0.36198
-1.2174,0.67158,1.6425,-0.15222,-0.35587,0.28295,-1.1582,0.72361
-1.1943,-0.023418,-0.37682,1.6139,1.1065,0.89864,0.58491,-0.98976
-0.82249,0.271,-0.83966,-1.3133,-1.5726,-1.0065,-0.51591,-1.1249
-1.1036,0.75474,-0.15244,0.83891,1.3558,0.3555,-0.28162,0.0042034
1.5068,-0.69762,1.3564,-0.99744,-1.6373,-0.97231,-0.90922,-1.3492
1.2068,1.1435,1.2904,1.3264,-1.0893,0.97299,-0.87978,1.055
0.17981,-0.52284,-0.83394,0.73395,-1.3418,-1.0707,-0.73266,0.33708
-0.28419,-1.4323,0.13742,1.0109,-1.7392,-1.6775,0.38354,-0.085551
1.0744,-0.97458,0.50591,-0.70517,0.61321,-1.6001,-1.5023,-0.49274
0.82762,0.62077,0.08104,-0.039008,-0.25808,-0.74364,-1.0279,1.124
0.082176,-1.0279,0.62435,-1.4231,0.84053,-0.89555,1.0778,-0.12359
-0.54931,0.24773,1.2823,0.1431,-0.075391,0.15924,1.3977,-0.46717
0.99304,-1.1928,0.18916,-0.61636,-1.4914,0.38064,-0.70254,0.16416
-0.59447,-1.1749,-0.12028,0.75885,1.2293,1.5482,-0.87153,1.0866
0.70086,-0.60396,-1.2776,1.5882,-1.4416,0.66303,-1.556,1.4724
-0.87596,0.043528,1.3965,-0.57153,-0.84729,-1.3448,0.16197,-1.0027
0.095654,0.2429,-1.5456,-1.2974,1.5996,-0.076933,0.26391,-0.73078
-0.31032,0.58194,1.4769,1.7115,-1.5648,1.4198,0.1289,-0.44216
-0.75705,-0.5165,-0.65909,-1.2797,-0.2064,0.020913,-0.30259,-0.53651
0.86658,1.0927,-0.62724,-1.3652,-0.65103,1.0151,0.96054,-0.58934
0.85214,-1.2631,-0.8195,-1.1771,0.1034,0.49658,-0.91821,0.36239
0.03964,-1.181,1.519,0.0055562,0.88813,1.5345,-1.4553,0.61544
1.1224,1.5824,-0.45238,-0.87569,-1.3433,-1.6191,-0.052313,0.77047
-0.11714,-0.67932,0.52117,-1.1518,-0.041124,-0.79759,-1.1867,-1.2238
1.2576,-1.5343,-1.7383,1.4532,1.4596,1.1799,-0.74612,-0.32062
1.2834,-0.4208,-0.83706,-0.60322,0.31093,1.7042,1.0897,-0.010549
1.644,1.0838,1.3015,0.46111,-0.35816,0.029002,-1.2211,-0.30699
-1.7186,1.1446,0.36153,0.54662,-1.4441,-1.7042,-1.1728,1.3545
1.1135,-0.53198,1.1734,-1.0679,0.41996,1.1153,1.2598,0.87486
0.86974,-0.96974,0.84497,0.57156,-1.0575,0.37941,1.2386,0.029003
0.038437,-1.2082,-1.0349,0.51387,0.85443,-1.2749,0.66225,-0.57997
0.31879,0.37677,-0.44341,-0.93917,-1.4557,1.0237,0.084955,0.61619
-0.99207,-1.0304,1.5736,-1.5282,-1.0311,0.39786,-0.63754,-0.6476
-0.16989,-1.7064,-0.80707,1.2583,-1.4252,0.39983,1.2579,1.6545
-1.4218,-0.92988,-1.0736,-1.0678,1.5694,-1.4357,-0.016293,-1.2377
-1.4463,1.2023,1.2507,1.6727,-0.95005,-1.645,1.2019,0.36053
1.3844,-0.48536,0.98659,0.009983,1.3785,1.5103,-1.4755,0.81175
-1.1304,0.22837,0.78929,-0.57076,0.24382,0.75673,-1.13,-1.1481
1.4682,-0.79668,-0.90685,0.083856,0.5787,-0.79164,0.67835,0.49945
-0.65124,1.5857,0.82695,-1.7318,0.12413,-0.88373,-1.1871,1.5028
-0.73884,-1.5302,1.4109,0.59798,-0.41021,-0.25021,-1.2669,-1.5672
1.3391,0.78599,0.056466,1.2161,-0.060935,-1.1992,-0.2388,-0.58883
-1.0089,0.16643,0.82013,1.4869,0.53907,-1.678,0.58211,1.0589
0.93924,1.4863,0.82042,-1.5268,-0.79767,-0.095793,-1.4433,-0.0060893
-1.6117,0.58085,0.81636,1.0445,1.2221,-1.2547,-1.32,0.75395
-1.6068,1.23,-1.0549,0.50472,0.95901,1.0375,-0.95236,0.93873
0.27839,-1.6923,1.5371,-0.96593,-1.3102,-1.1503,-1.7082,0.9204
0.14117,1.4534,-0.12553,0.91862,-1.3999,0.58671,-0.74168,1.4983
-0.97321,0.51182,1.4848,-1.6677,0.68784,-0.96471,-1.189,0.47321
-1.2762,0.75644,1.4065,1.6441,-1.0063,1.0675,-1.4709,0.38245
0.85117,-0.81621,-1.6067,-1.6502,1.3098,-0.058733,0.3025,1.0728
-0.71575,0.29176,-0.40079,-1.4711,0.23576,-0.28892,1.516,-0.31619
-1.1272,-1.0014,-1.1217,0.82183,0.86371,-0.75984,-1.3747,1.0862
-1.1057,-0.40218,-0.39482,1.2522,-1.263,-0.061656,0.63412,1.3527
1.649,-0.86344,1.0736,-1.3587,-1.1606,-1.2078,-1.6672,0.28157
-1.638,0.17921,-1.2019,-1.6603,1.5237,-0.14247,-1.1229,1.5706
-0.81475,-0.48591,-0.063726,-0.89716,-0.91587,-1.0531,-0.18752,-0.19848
-1.046,-1.2754,-1.5682,0.013799,-0.95625,1.5119,0.32989,-1.3456
-1.5413,-1.5872,1.3584,-1.5417,-0.95124,-1.465,-0.94345,0.7814
0.60149,1.076,-0.62536,-0.43532,1.0156,-0.71805,1.051,0.50539
1.691,1.2255,-0.71912,-0.67956,-1.5367,-1.5139,-0.33699,1.0309
-0.3963,-1.6531,-1.5744,-0.90275,1.7041,-0.74106,-0.49792,-0.2784
0.40553,1.1028,-0.41567,0.34102,0.99863,1.5477,-1.4928,-0.80399
-0.2853,-0.33081,-0.17779,1.3772,0.38567,-1.3754,1.2008,-1.2629
0.098972,-0.46888,1.1969,-0.58588,-0.11401,-1.4705,1.3951,0.44359
-1.1199,1.1796,1.5581,-0.63993,-0.67285,1.4329,-1.4381,-0.62095
1.3229,-1.3743,0.98565,-0.16089,-1.1522,1.7016,0.87553,-1.0899
-0.4352,0.45118,0.022593,-0.73766,-1.1699,-0.63047,1.5476,0.26647
-0.49121,-1.0316,0.0028143,-1.0701,0.97931,0.13763,1.6361,0.53704
0.71693,-1.2955,-1.3562,-0.78806,-0.83628,-1.6213,1.0829,-1.2784
0.61449,1.3133,1.0535,-0.17563,0.55836,1.2589,-0.22775,0.22804
1.5065,0.53516,1.2963,-1.579,0.90695,0.5364,-0.49572,-0.56895
0.15206,1.6485,-1.6412,0.74369,1.1926,-1.3013,0.33295,-1.4802
-1.1957,1.3392,0.32102,1.1041,-1.2054,0.99303,-0.33953,0.72356
-0.16723,-0.04468,-0.46309,-0.37066,1.413,1.2725,0.35178,-0.59666
-1.2267,1.0792,0.79361,-0.6498,-1.0718,-0.61846,0.87582,-1.206
-1.2419,0.49289,-1.6203,-1.051,0.64636,1.3159,1.4444,1.6995
0.29808,1.7259,-0.85146,-1.0366,0.66614,1.6012,-1.4241,-0.70476
0.31013,1.1515,-1.3472,-1.3397,0.08397,0.0018827,-1.4858,-1.3575
-1.5434,-0.93854,-0.27375,0.28987,-1.3224,0.48888,1.6106,-0.13232
-0.25166,1.7105,-0.6291,-0.99325,-1.2351,-0.26463,-0.2245,0.2066
0.43769,-0.68372,1.5812,-0.82789,0.69441,-0.24864,-0.26598,0.92225
1.6466,-1.3562,1.5314,0.54095,0.19754,-0.79743,0.16918,-1.1214
1.3426,1.2085,-0.31413,-0.01575,1.4114,0.38495,-0.88045,0.1487
-1.5046,0.53133,-1.6679,1.426,-0.75028,0.12003,-0.90551,0.75828
1.4957,-0.60813,0.6745,-1.35,1.3661,0.055205,0.28875,-0.78464
1.2779,-0.6874,-1.4111,-1.275,-1.3385,0.58823,-1.1395,-1.3811
-1.4777,-0.78728,-0.23607,0.1745,-1.7053,0.27777,0.89138,0.24996
-0.75083,1.3674,1.1679,0.56531,-0.82552,0.78439,0.59079,0.82033
-1.1917,0.18423,-0.2835,-0.79976,1.0512,1.7163,-1.4594,0.94554
-1.5143,1.2161,-0.018275,-0.54136,1.4026,-0.61426,-0.84391,0.071097
-0.56152,0.25652,-0.83932,0.83945,-0.25229,1.3262,1.6526,-0.26149
-0.88063,-0.83268,0.51286,0.98126,0.57858,-1.6045,1.5423,-0.3458
-0.07877,1.4749,1.3524,0.38383,0.88429,-0.05755,1.0345,0.99553
0.19849,-0.79867,1.6511,-1.347,-0.83905,1.0962,-0.67481,1.0334
1.5612,-0.048531,-0.67618,-0.48633,-1.458,-0.13325,1.1174,-0.81257
-1.012,-0.34053,-0.50997,-0.94452,-0.82384,-0.23611,-1.1493,-1.2394
0.36667,-0.85836,-1.6809,0.63431,1.4088,-0.081622,-0.90227,0.44135
-0.88707,-1.5178,0.53927,-0.059972,0.39138,-0.51772,1.4623,-0.56175
-0.74718,-0.52392,1.553,-0.17309,-1.3587,-0.36651,0.33934,-0.25214
-1.2991,0.88144,1.4704,-0.20834,-1.718,-0.2027,1.6428,1.276
-0.015816,1.2679,-1.3273,-1.5816,-0.26491,-0.69836,0.67663,0.14829
-1.6222,-0.74751,-0.54804,-0.60903,-1.4412,-1.4402,-0.4604,-0.75549
0.4848,-0.38387,0.6254,0.22996,-0.88628,-1.3292,-1.2628,0.42079
-0.33638,0.27724,1.371,1.2844,-0.3365,-0.81551,0.51689,-1.695
1.4706,-0.17101,-0.3196,0.3007,1.0492,0.3209,-0.46862,-0.73205
0.94831,-0.86305,-0.79511,1.0225,0.0084103,-0.77598,0.77371,-0.979
-0.45573,0.41836,-0.97516,-0.35706,-1.5344,1.4518,-0.037076,-0.84802
0.98834,-0.88279,-1.1844,-1.2438,1.3304,-0.11197,1.5536,0.6895
0.6565,1.1775,-0.69363,-0.71199,-0.76723,-1.5545,0.079736,-0.49722
0.29218,0.94359,-1.7245,-1.2882,-1.2813,-0.70172,-1.1736,-1.5384
-0.35157,1.0514,-1.5573,-0.17583,-0.60541,1.2372,0.79193,-1.3085
0.66486,-1.2353,-0.5476,0.045804,0.2741,-0.69806,-1.7228,-0.68611
1.1904,0.74889,1.3462,1.4756,1.5083,1.0093,-1.3901,1.1711
-0.75777,-0.35898,0.54758,1.2025,-1.0201,-1.077,1.1887,-0.60663
0.62842,-0.61509,-0.32672,-0.33759,0.030904,0.54542,0.31985,-1.7322
1.0286,0.044634,-1.637,-1.1518,-0.16967,-0.8735,-0.86435,-0.25979
-0.90964,-0.10034,0.38828,0.83219,-0.90935,1.35,-0.55642,-0.051576
-1.7127,1.478,-1.0744,-1.6351,0.87706,-0.66793,0.31639,0.92171
1.094,1.3904,0.042729,-1.4923,-1.1262,-1.3071,1.6829,-1.6238
0.61183,-0.22799,0.54304,0.55436,0.86918,-0.16035,1.6006,-1.4235
-0.98934,0.61306,0.52549,-0.3624,-0.5884,-0.19295,1.5024,-1.3492
-0.60196,1.636,-0.33972,0.90531,1.4526,-1.5949,-0.37879,0.30469
-1.3961,0.51803,-0.091132,0.90185,0.72007,-0.19015,0.74017,-0.94326
-1.3726,1.1625,-0.85829,-1.3615,0.97958,-1.6679,-0.58481,1.3194
1.1493,0.94731,0.95669,1.7548,-0.42349,0.95965,-0.58536,0.9677
0.10508,0.057541,0.33233,-1.3281,-0.63387,1.5897,-0.77926,1.0957
-0.24434,-0.29718,-1.4569,1.2197,-1.4181,0.80161,-0.70209,1.5965
-0.59337,1.72,0.32215,1.4043,-1.5359,1.4639,0.46993,0.89269
1.6203,0.13478,0.42463,-0.21924,-1.1784,-0.23691,-0.17658,1.2883
-0.72931,1.4458,-1.2146,0.86195,1.4815,1.4128,-0.43696,0.6364
1.2948,-0.43882,1.1754,-1.5516,0.8453,0.43783,-0.8404,-0.1283
1.4944,0.44495,-0.68653,0.62868,-0.52794,0.6131,-0.96416,-1.0865
1.2486,1.3688,0.35487,-0.45311,-0.59526,-0.63056,-0.59257,-0.65422
-0.50107,-1.0986,-0.16221,0.79881,0.78549,0.51508,-1.413,0.18831
-0.56551,1.7124,-0.47174,0.2341,-1.3819,-1.3676,0.39408,-1.2539
-1.217,0.64002,-0.98534,0.5857,-0.50231,0.42575,0.11541,-1.6626
-0.41032,-0.36427,-1.342,-0.79433,0.74888,0.23878,-0.026362,1.6293
-0.92769,-1.7329,-0.70257,-1.3481,1.6669,-0.85115,-1.2137,-1.494
0.00087513,0.1361,0.85,-0.7423,-0.95007,1.2471,-0.32206,-1.4186
-1.2335,0.21419,0.1811,0.92923,-0.089034,1.5383,-1.2514,0.79881
1.6992,0.82836,1.5535,-1.558,-0.74383,0.23917,-0.1396,-0.11293
0.098728,-1.6253,0.86536,0.67089,1.4953,-1.472,-0.30423,1.4245
1.3228,0.18564,1.0362,-0.050938,1.1381,-0.26778,0.42575,1.5814
-1.6671,1.3891,-1.6418,0.55636,-1.3727,-0.054933,-0.4928,0.85841
1.4681,1.1088,-1.5379,-0.41861,0.96843,0.84443,0.34901,0.67528
-0.27307,-1.2267,-0.12072,0.13498,-1.1937,-0.91782,-1.6878,-0.1729
-0.5566,0.079847,1.3527,-0.32544,-0.13631,-1.2675,0.76795,1.449
1.3318,1.43,0.59448,-0.82121,-0.25773,-1.6472,-0.86801,-1.2732
0.022418,-1.0582,-0.043199,-0.23976,0.36025,1.5255,-0.63055,1.5968
-0.78722,1.608,1.2375,0.17383,0.74789,-0.44807,-0.0042553,-0.36244
-0.77564,-0.93484,0.16133,-0.3453,0.92279,0.912,0.91543,1.4705
0.7761,-1.072,1.273,-1.144,0.69058,-0.40175,0.71115,-0.95262
-1.4844,-1.1562,-1.3017,-0.58138,-1.5125,1.1219,-1.4474,0.47205
1.2375,-0.24183,1.2212,0.071548,-0.076974,1.6735,-1.6287,-0.73416
-0.84001,-1.0832,-0.89259,0.32405,1.64,-1.5596,-0.36768,0.35772
0.84198,0.31007,0.33651,-0.50994,-0.15302,0.18651,1.1813,-1.0127
1.2661,-0.46822,-1.7652,0.99648,-1.3361,-0.12791,0.35466,-1.4663
