-0.027043,0.40818,0.49581,1.4709,1.0808,-0.017295,0.72073,0.067914
1.6625,-0.23292,0.51765,0.64502,1.5354,0.4286,1.6352,-1.4671
1.0876,-0.40382,0.06512,-0.99464,0.68494,0.74357,1.7075,0.33657
0.96632,0.039062,1.0282,1.1474,0.33452,1.386,1.0302,-1.457
0.90169,-0.44327,-0.07506,0.28867,-0.29743,-1.373,-0.53168,-0.19396
1.7219,0.79529,-0.023131,0.88825,-1.2739,-0.96841,0.984,1.3135
-1.2597,1.0572,0.20291,1.1335,-0.99287,-0.9015,1.5169,-1.3708
-0.33187,-0.7337,1.1806,-0.58626,-0.44081,-1.5026,-0.49276,-1.0801
1.6555,-0.7164,0.36123,-1.5254,-1.5495,-0.83474,-0.94561,-0.0042346
-0.30642,-1.0358,0.16871,-1.3229,0.92837,-1.6387,-0.46293,1.0615
0.52206,1.2523,1.1587,0.79873,-1.4587,0.61619,-0.14234,-0.37613
0.90561,0.63925,-0.78512,0.12926,1.1164,-1.2588,0.65725,1.0338
-1.6672,1.2861,-0.23938,0.55795,0.79196,1.1282,-1.2338,-1.4961
-0.49452,-1.1305,-0.31243,-0.067261,0.22929,-0.07823,0.10416,-0.43023
0.049917,1.4122,-0.13614,-1.532,1.5024,1.1152,0.25379,-0.71825
-0.62199,0.38662,-1.3219,-0.63207,0.6081,-0.55551,0.95127,1.0021
0.80979,1.0568,1.0629,1.095,-0.37327,0.35913,-0.73469,0.41556
0.86523,-1.4895,1.4425,0.36442,0.11236,-1.6629,0.4457,-0.97818
1.6818,-1.5141,0.58111,-0.73162,1.0064,-1.3542,0.40922,-0.52364
-0.082016,0.95317,0.55843,1.6362,-1.268,-1.4718,0.37639,-1.0953
-0.025114,1.0297,-0.18084,-1.3756,0.32404,1.2161,-0.67965,0.050701
1.4725,1.535,1.3286,-0.5672,1.6488,0.298,0.24641,0.35697
1.5829,0.27127,1.5237,-1.3983,1.2365,-1.4651,0.6414,1.11
-1.7308,-0.98196,-0.24792,0.35855,-0.81526,1.2135,-0.56669,0.09829
-1.2708,1.0788,-1.2319,-0.94376,-1.5154,-1.541,-1.3773,-1.5035
-1.1729,0.17609,1.2879,-0.92006,-0.32127,0.42903,0.8356,-0.52026
-0.78405,1.7094,0.01629,-0.051365,-0.72345,0.38423,-0.17494,-1.6593
0.51674,-0.40762,-0.71715,-1.2633,0.34394,0.6549,-1.1762,-0.31624
0.9373,-0.57748,0.46818,-0.53535,-1.428,0.16052,-0.1613,-1.1348
1.4062,0.76583,0.1946,1.535,0.098328,1.3459,-0.35261,-0.59813
1.2048,-0.83638,0.21142,0.99076,-0.49027,0.11947,-1.3347,0.54547
0.80682,1.6262,-0.42514,-0.82645,1.1032,-1.0278,-0.19034,-0.10607
1.3072,1.3861,-0.74886,0.098527,-0.17942,0.51439,-0.537,-0.29494
0.42207,0.64195,0.74622,-0.99492,-0.94362,0.90415,1.546,-0.56225
-0.083938,-1.0808,0.99936,0.24755,-1.2779,1.1886,0.12827,1.6141
-1.0788,-0.77213,-0.89051,0.018082,-1.1828,-0.26614,0.35171,1.0304
0.62463,-0.046525,0.1606,0.51416,1.1872,0.73623,-0.69548,1.4083
0.68903,1.5482,0.62896,0.20231,1.412,1.3226,-0.17858,0.88674
-1.0362,1.3086,-0.45419,-0.70854,1.6878,1.268,1.5017,-1.0254
-0.36562,-0.31078,-1.0719,1.022,0.13284,1.4933,0.87678,0.29589
-0.304,-1.5023,0.34131,-1.506,-1.7114,1.442,0.74074,0.80161
-1.6024,1.4163,0.46729,1.261,-0.73981,-0.72692,-1.1947,0.83926
1.3298,1.4791,-1.2192,0.33091,-0.48392,0.50432,0.134,-0.70323
0.096302,-1.4368,-0.61135,1.1481,-1.1497,-1.5935,-0.36324,1.5769
1.5409,0.24901,0.89504,-1.0204,0.1991,1.4765,1.5484,-0.11525
1.6186,-0.31747,-1.3432,1.6753,0.24283,-0.77605,1.0789,0.92772
0.67951,-0.2501,-1.7156,-0.77176,-1.5813,0.099544,1.1901,-0.13674
-1.1646,-0.030845,-0.33931,0.76641,-1.4548,-1.3334,-1.0736,0.75599
-1.5285,-0.16819,0.1594,0.45633,-0.47901,1.0559,-1.6801,1.2752
-1.0859,-0.8272,-1.3005,-0.74082,0.74431,-0.45124,0.048096,-0.30098
-1.1198,1.1477,-1.194,0.99954,1.0491,1.1827,1.7046,1.5796
1.2308,0.91725,-0.1504,0.063584,0.3749,1.388,0.74039,-0.52585
1.0862,1.3053,1.1505,-1.004,0.58895,1.3443,-1.3814,-1.5722
-1.364,-0.041812,-1.4641,0.94422,-0.39027,-1.08,-0.72068,1.5507
0.94418,-1.1946,-1.1333,-0.30203,-0.97324,-0.9373,-1.7158,-1.2587
-0.15537,1.4447,1.5196,0.50729,0.042792,1.2994,-0.8076,1.6585
-1.1939,-0.23464,1.0606,1.5782,0.55059,1.4144,-0.61928,-0.85627
0.82473,-0.065563,-1.0697,-1.6875,-1.2251,1.1758,-1.5079,-1.3444
0.25159,0.14979,-1.1155,0.26116,1.0125,-1.6072,-0.45676,-1.6562
-0.35676,0.55445,0.72291,-0.72076,0.38565,1.4983,-1.1298,-0.33952
-1.6002,-1.2397,0.40322,-0.40729,-0.70653,1.2378,-0.20507,1.2406
0.4563,-0.83026,1.3968,1.7468,0.036409,0.029087,-0.69885,0.17876
0.024963,-1.2294,1.366,0.38869,-1.4957,0.10374,-0.96669,1.4914
-0.82242,-1.1622,1.2929,0.9325,0.358,-0.26897,0.73971,-0.13055
0.20388,-0.51867,0.49565,-1.0765,-0.64824,0.89418,1.1818,0.97552
1.3816,0.79441,1.6414,0.74722,0.21828,-0.60465,0.048718,-0.7696
1.4743,-1.2846,-0.86187,0.86399,0.67647,-0.11383,0.17641,-0.25884
0.36386,-0.10516,-1.3508,-0.97538,0.17592,1.4913,-0.9097,-0.34289
0.89347,1.1535,1.2765,-1.383,-0.27118,-1.2505,-0.39626,-0.61431
0.96715,-1.0602,0.20511,0.0022562,-1.3528,1.5957,1.6877,0.14595
0.90068,-0.42792,-1.0224,-0.50488,-0.22573,0.39579,0.098886,1.0271
0.8542,-0.24449,-0.32779,1.6225,0.36764,0.90293,1.2724,-1.2123
0.16161,1.6105,-1.2519,-1.4092,1.0608,0.10985,0.068437,1.6126
-1.4979,-1.1511,-0.90907,-1.0311,0.80305,1.0067,-1.391,-1.7252
1.2814,0.84759,0.85222,-0.63575,0.7148,-0.49983,1.3993,1.1938
-0.89282,0.24652,0.10498,0.45803,-1.3716,0.97712,1.1823,-1.6831
-0.091977,0.77727,-0.56149,0.28919,-0.24801,0.10441,0.066061,-0.65816
1.6375,0.97669,1.7164,0.97204,1.0656,-1.4892,0.54811,-0.52937
1.2271,-0.2417,1.1701,-3.537e-05,0.74784,0.26614,0.065251,-1.1435
-1.5175,-1.4633,1.6636,-1.3807,1.3721,-0.55786,-0.13729,1.3223
0.88847,-0.15195,0.0073404,-1.4131,0.56374,0.83993,-0.64225,-1.3882
-0.83042,0.30323,0.038774,-1.1193,0.72715,-0.81715,-0.068783,0.61907
1.1812,-0.89435,-1.1282,-0.1577,-0.10554,-1.6806,0.51664,0.432
0.63858,0.79161,-0.18094,1.7588,-1.4499,-0.23142,-1.6338,0.85553
1.0276,0.50879,-0.096189,-1.5207,-0.28897,1.5579,-1.4773,-0.92093
0.12186,1.518,-0.65618,-1.6914,0.15199,-1.2982,0.82257,-0.6177
-1.7176,1.6886,1.0543,0.15026,0.84508,0.79628,0.26495,-1.6237
0.68292,1.6151,1.3306,-1.1129,1.1102,0.61427,-0.86164,0.63548
-0.2989,-0.72869,0.52771,-1.435,1.2161,0.91415,-1.4051,-1.2851
-1.4656,0.62463,-0.71711,-0.80132,1.128,0.53174,0.14988,1.7231
-0.53145,-0.8552,-1.5623,0.65676,0.25895,0.17366,1.2446,0.54233
0.93134,-1.1568,-0.87691,-1.187,-0.16565,1.5458,-0.73147,-0.017121
0.053274,1.2274,0.34859,1.0799,0.088766,-1.6818,0.31561,1.0665
1.2874,-0.34386,0.69808,-1.1598,-1.4808,-0.34441,-0.01298,-0.2531
0.51085,1.2443,-1.2486,-0.38357,0.67975,1.6168,1.4508,-1.1982
1.5442,1.3497,0.18138,1.4281,-1.5233,0.91521,-0.37414,-1.0544
-1.4186,0.95797,0.47875,-1.2002,-1.1888,-1.5991,-1.0266,0.4021
1.6306,-1.6604,-1.0663,-1.294,-0.34251,-1.6774,-1.5526,1.4954
-1.7406,1.0839,1.0939,-1.6775,0.011277,0.79964,-1.1918,0.957
1.7088,1.0084,-0.90644,0.2344,-0.31083,0.94681,-0.90948,-0.32893
0.78802,-0.60604,-0.47883,1.1671,0.47981,-0.14086,-1.2223,0.27058
0.3175,1.2455,0.052052,-1.318,-0.57871,-1.3127,-0.030052,0.588
1.1336,0.10306,-0.6267,-0.50646,1.1066,-1.0203,0.35321,-0.65422
-1.1958,1.1442,-0.38344,1.4505,0.72641,0.15128,-0.085376,0.94319
-0.80298,-1.6716,0.81812,-0.35414,-0.76369,1.3321,-0.099682,1.5576
-0.96738,-0.10726,0.095562,1.1618,-0.92419,0.15962,-0.27933,-0.52523
-1.6355,-1.5962,-1.7622,0.46097,-0.35582,1.0532,0.025559,0.83058
-1.4026,0.95393,0.073972,0.26151,0.14712,0.99157,-0.93573,-0.6334
1.3722,-0.72126,-1.5909,1.5467,-0.77707,-1.0337,-0.83199,-0.53969
1.5524,-0.23721,0.88369,-0.71428,1.7213,-0.20892,-0.75407,0.70235
-0.69763,0.90823,1.2872,-0.9614,0.64932,1.3162,-0.059718,0.70191
0.31456,-0.22222,-0.78856,-0.20971,-0.54723,0.69269,1.2326,1.7059
0.89566,-0.72771,0.95595,0.38008,0.74579,-0.3669,1.072,0.77505
0.10444,0.73864,1.2312,0.64613,0.026264,-0.29329,1.2494,-0.95923
1.6296,0.56101,0.78526,-0.12023,1.4286,-0.84712,0.31975,-1.0268
-0.32776,-0.063476,0.15721,1.2951,0.69898,1.1507,0.43891,0.49678
-1.3317,0.43155,1.0782,1.2705,1.6903,-0.56692,1.0948,-0.99973
-0.22557,-0.72069,-1.3538,-0.75051,1.0103,1.2279,-0.96692,1.1892
-0.75558,1.4208,0.68651,-1.6795,1.474,0.53785,-1.1075,1.5021
1.2659,-1.3821,0.62906,-1.3335,0.93249,-0.35667,0.41562,0.65038
0.89407,-1.3597,0.11651,1.0145,-1.22,1.0291,0.75191,0.41127
0.65937,-1.1075,0.14775,0.19656,0.97032,0.38008,-0.90904,-0.55309
-1.0257,0.44183,-0.81814,0.3225,0.54306,1.534,-0.8784,0.17306
1.247,0.30405,-0.96481,0.19888,-1.2025,0.7661,1.4084,0.78613
-0.81653,-1.2302,-0.25898,1.587,-0.98054,0.59783,-0.51769,0.15137
-1.7452,0.31884,0.90012,-0.63205,-1.5263,1.7036,1.1351,0.30084
-0.92251,-1.1794,1.2871,0.54104,-0.4501,0.9925,-0.29925,-0.06741
-1.738,-1.5765,-0.70379,0.66987,-1.6209,1.4522,-1.0066,-1.063
1.5613,1.1295,1.6724,-1.6458,1.5124,1.1992,0.67496,1.6192
1.364,1.0224,-1.3297,-0.30991,0.54559,-1.2712,-0.19384,-0.47109
-0.51432,1.5504,1.6609,0.42325,0.7629,0.66624,0.72496,-1.6916
-0.11837,-0.80889,1.3594,-0.049761,-0.73693,1.5411,-1.0627,-1.6404
-0.61961,0.11653,-0.47552,-1.0132,-0.014861,0.68816,1.5407,-1.7151
0.030607,0.18118,0.70935,0.76845,-0.62176,1.0295,-1.1609,-0.33142
-1.1594,-0.34346,-1.698,0.16115,-0.6868,0.091302,-0.89523,-0.032285
-1.5267,0.61373,-0.59074,-0.97051,-1.2003,-0.17662,-0.033329,-0.15574
0.82581,0.23762,-1.5266,0.23193,-1.3745,-0.24653,0.46625,-0.93293
-0.13337,-1.4071,0.07451,0.13303,-0.038553,0.052886,-0.61173,0.60746
1.3727,0.657,1.6108,-1.2798,1.563,0.10059,0.46963,-0.03835
-1.1481,1.3967,1.6944,-1.6255,-1.0739,1.0049,0.82828,0.32957
1.436,-0.60272,-0.3303,0.67077,-1.0071,1.4248,0.47731,1.6334
-0.97198,0.7891,1.546,1.1313,-0.14674,0.30142,1.3905,1.0449
-1.0051,1.421,-0.39079,1.1903,0.51711,-0.92282,-0.16649,-0.047921
1.1848,1.5956,0.074597,0.77761,0.98587,1.4881,-0.2128,-0.58866
-1.5054,-1.0919,1.1748,-0.50681,-0.22302,0.19966,-0.85161,-1.1248
-0.093279,-0.2136,-0.47243,-1.0386,1.5407,1.0771,-1.0744,-1.5137
0.81204,-0.37498,1.561,-1.1413,0.78626,0.26386,1.2848,-1.0369
0.6867,0.59597,-0.12389,0.40112,-0.85574,1.2451,-0.53355,-1.211
0.83307,0.66834,1.3432,1.5607,-0.11462,-1.6154,-0.90017,-1.423
-0.39584,-0.88958,0.3353,1.7275,-0.094165,1.5424,-1.0636,0.032401
-0.66075,0.039442,-0.95917,-1.1503,1.1375,-0.013783,1.2512,-1.2973
0.53873,-1.5584,-1.7207,1.5711,-0.079056,-1.3433,0.0011981,-1.0566
1.6477,-1.1011,-0.36949,-1.3583,0.29873,1.5807,0.34903,0.9429
0.72859,-1.0595,0.73849,-0.89962,-0.64203,-1.7022,1.3163,0.55577
-0.028916,-1.5938,1.4649,0.96654,-0.058196,0.52956,-0.82558,-0.84604
-0.28996,-0.52807,1.1076,1.2506,0.044664,0.47281,1.356,-1.0464
0.50407,-1.3124,-0.97464,-0.4018,-1.698,0.635,1.1947,0.74335
-0.69626,0.8155,1.0346,0.50212,-1.5545,0.85079,1.5722,0.74319
-0.23217,-0.34829,-1.3399,-0.11207,-0.54126,-1.3989,0.80591,-0.24829
0.37518,1.7144,-1.4637,1.3489,1.2359,-0.59382,-0.89091,-1.4563
-1.2167,1.5704,1.5386,-0.064603,-0.9808,-1.4136,0.91185,0.068707
-0.031764,1.72,-1.1653,-1.2049,1.2325,-0.49912,0.058592,-0.83891
-1.0697,-0.85461,-1.4599,1.4081,-0.23343,-0.35952,0.88626,-1.396
0.78731,-1.1668,-0.80826,1.0785,1.1269,1.4612,-0.27455,-0.75916
-0.74832,0.30517,1.2064,-0.82761,-0.51362,1.1988,0.92645,0.53099
0.79338,-1.6662,0.74857,0.96035,-0.35821,0.7126,-1.35,1.1293
-0.16195,-1.1342,1.6177,-0.64972,-0.015834,-0.64576,-0.31055,-1.6943
-1.4786,-0.66335,-0.22087,-0.93403,0.49566,1.5175,-1.1268,0.37782
0.40764,0.21707,0.85559,-1.711,1.5402,0.47521,1.1632,-1.0066
-0.6453,0.80846,1.6417,-1.5531,-0.097706,-0.72122,-1.0778,-0.02756
1.184,-0.32052,-0.63662,-1.6441,-0.12358,1.3551,0.41016,-0.48322
1.2077,-0.45305,0.38145,-1.0918,1.4947,-0.32766,0.21917,-0.1043
-0.19642,0.75032,-1.466,-0.45045,-0.91945,-1.522,-0.72558,1.1571
1.4745,-0.17246,-0.44418,1.7279,-1.735,-1.04,-1.6153,-0.15159
0.061933,-1.5628,1.5213,-1.3787,-1.4915,-0.4666,-1.552,-0.8906
0.17363,1.397,-0.58519,0.051918,-0.67934,1.2826,0.88862,0.92019
-0.024511,-0.8474,0.49315,-0.3629,1.4389,-0.66871,-0.78847,-0.043571
-0.78684,-0.20862,1.2981,1.4853,-0.69631,-0.12417,0.67639,1.5299
1.5453,-0.57279,-1.299,1.0191,0.1898,0.084512,-0.59121,-0.99101
-1.0807,0.84064,-1.514,1.7513,0.5128,-0.59775,-0.42688,0.70995
-0.2285,-1.4034,-0.053855,-0.4742,-1.0244,-1.397,1.342,-1.0512
-0.15174,1.5246,0.067605,0.25046,-1.1606,-1.2747,0.86303,0.56348
-1.6512,0.15548,1.0812,-0.073685,1.4863,0.3177,0.92552,0.86461
-1.424,0.4412,1.094,0.31754,-1.392,0.088381,-1.6225,-0.97486
-0.30798,0.37216,0.40653,0.13829,-0.70462,-0.74778,0.9314,1.6644
1.1743,-0.19563,-1.6426,1.0009,-0.9542,-0.91709,-1.3763,0.12783
0.68863,0.95164,-0.14416,-1.1788,-1.6079,-1.3554,-0.39576,0.099407
-1.3361,0.11958,0.83764,-1.7302,-0.46854,0.42024,0.26129,-0.17672
0.59405,-0.559,-0.69846,0.20636,-1.4386,-0.75001,0.27225,-1.5791
-1.1484,0.53957,0.46256,1.4033,0.083587,-0.74299,-1.1504,0.58187
-1.4998,1.2619,-0.11509,1.7259,1.1602,-1.1647,0.67063,1.3119
-0.31575,-1.4922,-0.23609,-1.0848,0.84638,1.4651,1.1972,-0.29458
0.53892,-0.087869,-1.5222,-0.10662,1.5355,-1.4922,0.92424,1.1236
-0.59038,-0.84312,-0.70263,-0.88975,-1.2384,1.5257,0.58566,0.57354
-0.42971,-0.56671,0.85911,0.69254,1.0454,0.1666,1.0955,0.71574
-1.6566,-1.2132,-0.12793,1.6643,0.47561,-1.5706,-0.18716,1.0221
-0.37483,-1.6353,1.1043,1.0353,-1.5439,-1.0339,0.90243,0.3966
1.4759,1.0449,1.2768,0.028272,-0.27871,-0.55316,1.6463,-0.13087
0.64681,1.1999,-1.616,0.51802,1.387,0.71727,0.24918,1.2111
1.2348,-0.80536,1.0743,1.3406,1.2521,-1.6688,1.2962,-1.495
0.55068,-1.1474,1.3789,1.2328,-1.4447,1.6047,1.5018,-1.3222
-0.74104,-1.556,-0.87558,-0.35889,0.17486,0.40842,0.63551,1.4767
0.60203,-1.5558,0.34778,0.070809,1.3826,0.62386,-0.24569,-0.91236
1.2805,-0.88781,-0.45958,1.3213,0.37807,0.42518,0.77668,-0.29839
0.253,0.84324,-0.56165,-0.44964,1.2691,-1.2414,1.285,-0.90653
-0.7959,0.38925,1.3008,-0.91125,0.71836,-0.024713,-1.005,0.5976
-0.26899,-1.2275,-0.65113,-0.33806,0.41269,0.59618,0.80476,1.4923
-0.44727,0.82539,0.53848,-1.7121,1.3196,-0.42247,-1.3776,-1.5703
-0.56238,0.21087,-0.59592,-0.32426,-1.7083,0.17766,1.7139,-1.4859
0.12442,-1.4107,0.1294,-0.37456,0.061488,1.0099,0.42923,0.48401
1.1169,-0.36503,1.6719,-0.31192,-1.731,0.93647,-0.15296,-0.77622
-1.5028,0.10763,0.40931,-1.6727,0.31398,0.16549,-1.0438,-1.0096
-1.3481,-0.32201,-1.5572,0.39612,-0.36078,1.4235,1.5433,0.051712
-0.1757,0.74921,-0.77877,-0.41579,0.15148,1.2537,-0.34986,1.2094
-0.072889,0.92093,1.168,-0.37223,1.1453,0.4369,-0.51621,1.2326
1.3575,1.749,-0.48244,-0.71828,0.38136,-0.67716,1.6848,-0.67836
-1.0837,-1.6053,0.60557,0.76117,-0.8989,-1.6059,-0.5768,0.0039185
-0.63836,1.4604,-1.1534,-1.4446,-0.84514,-1.1527,0.22989,-0.58593
-0.31223,0.19021,1.1008,0.92882,1.1568,1.5135,1.1014,0.23532
-0.41086,-0.67265,-1.5112,-1.2647,-0.72039,0.59838,-1.1865,-0.39968
-0.23268,0.43526,-0.91513,1.3027,1.2825,-0.1715,1.2446,0.53671
-0.38549,-0.5312,-1.6662,0.2618,-0.44848,0.58903,1.4358,0.62184
1.0126,1.6794,-0.92789,-1.3864,0.32716,0.19707,0.057779,-1.6066
0.085237,0.23027,-1.1462,0.076586,0.068112,0.85802,0.30587,-1.1413
-0.5716,-0.37278,0.49081,-0.99389,0.9789,1.1388,-0.29908,0.43775
1.3986,-1.0419,-1.7182,-1.2856,1.4201,-1.4141,1.1565,-0.95852
1.5335,1.5348,-0.04003,0.22877,-1.1465,-0.30187,0.30231,-1.2701
-1.1264,-1.7281,0.84269,-0.66816,-0.88536,-1.3538,-0.16396,-0.94161
-1.3124,-1.6937,1.0664,0.057642,-1.0527,-1.0311,-1.2545,0.026101
-0.44051,-1.1057,-1.6015,1.6969,-1.6234,-1.4729,-0.72001,0.78807
-1.564,-0.41252,-0.94869,-0.59081,0.051458,-0.74835,-1.1389,0.0042689
-0.39197,0.02057,-0.95838,0.66663,-1.1188,-0.66474,0.71437,-1.5983
1.0379,-0.64325,-1.4764,-0.61707,0.96196,-1.2532,-1.0835,-0.43337
-1.3908,0.01521,1.3182,1.2569,0.83221,1.2963,-0.59846,-0.6887
-0.076341,0.19893,-0.12823,-1.4331,0.10987,0.783,1.4372,-1.4507
-0.58907,-0.76232,0.51827,1.1029,-0.53423,0.88674,-1.1526,-1.4389
-0.068146,1.4384,1.5372,-0.90851,-0.76591,-0.1989,-1.6042,1.1883
-1.1635,-0.18209,0.93558,0.6002,-1.5587,0.14191,-1.0071,0.033203
-1.1401,0.99122,0.2678,-0.57868,-0.68279,-1.5577,1.6167,-0.44276
-0.28822,0.16911,1.6693,1.0423,0.81456,0.31116,1.5966,-0.39565
0.48447,-0.48219,0.61687,-0.73966,0.087402,-1.3815,-0.38707,-1.7279
0.097956,1.6176,-0.30629,1.711,1.6843,-1.5714,-0.16497,-1.284
-1.1744,1.6054,0.58508,1.6371,-0.16947,0.16897,1.4864,1.2909
-1.2434,0.58027,-0.42426,-0.19241,-1.6266,-1.7088,-0.74725,1.3204
0.35424,0.0042837,0.55061,-1.6771,-0.80446,1.1288,-1.6131,-0.14333
-1.5935,0.99133,-0.40252,0.58729,-0.37051,0.35308,0.92023,-0.89264
-0.48402,1.3772,-1.0308,1.0589,-0.68738,-0.75306,0.95302,0.17312
1.3186,-0.072494,-0.93551,1.0059,0.45515,0.81567,0.24744,-0.025996
0.28133,-0.72684,-1.7428,-0.47023,-1.0307,-0.081545,-0.79838,-0.47161
0.3567,-0.41024,1.4733,-0.059818,-0.69053,0.19734,1.5326,-0.57635
0.80556,-0.17933,0.38948,-0.91383,1.1772,0.89728,-0.44085,-0.81561
0.051686,-1.2082,1.5545,-0.45408,1.0394,-0.11061,-0.37853,-0.23666
0.63454,1.6114,-0.90604,0.53242,-1.3766,-1.413,-1.0991,1.4573
-0.89542,-0.56722,-0.85757,-0.095171,1.0086,-1.426,-0.093818,-1.5018
0.52953,-0.28698,1.3945,-0.18286,-1.4438,0.81406,-0.011767,0.70005
0.88873,1.5926,1.6418,-1.3694,1.375,-0.0083843,-1.0518,-0.73603
-1.6355,1.0726,1.218,-0.97079,0.31652,0.16802,-0.56902,1.1699
1.4852,-0.92257,0.24167,1.4203,1.5197,-0.8204,1.5407,0.70176
1.3195,-0.0742,0.10814,0.43095,-0.86269,0.19727,1.1289,-0.47538
0.6086,-0.82479,-0.93494,-0.7916,0.3951,0.54272,-0.74835,-0.25203
0.66818,1.6078,-1.7177,-0.75778,0.23068,-1.0164,-0.6632,-0.44172
-1.104,1.3475,-1.5242,-1.3555,-1.4718,0.63399,0.83497,-0.20124
-0.52205,1.0203,-0.062552,1.4759,-0.76844,0.56548,-0.045888,-0.8009
-0.69068,0.90543,-0.6689,-0.23862,-1.7157,-0.56317,-1.1355,-1.1132
-0.76473,-0.31976,-1.3366,1.3914,-0.30585,-1.5885,0.52802,-0.94633
0.065784,-0.61664,0.62402,-0.076892,-1.0214,-0.16704,-0.88424,-1.042
-0.19706,-0.96934,-0.98106,1.4594,0.77836,0.23647,0.59146,0.37528
-1.471,0.094408,0.36396,-1.4061,-1.6736,-0.97926,1.5353,-0.26975
1.6731,1.0136,-0.051688,0.90381,1.5088,-0.44356,0.72963,0.31463
-0.40599,-0.68383,-1.4207,-0.87673,0.033407,0.78854,0.18735,-1.491
-0.45684,-0.69755,-0.40086,-0.81622,1.4715,-1.5836,-1.7015,0.57482
0.56136,1.1856,1.0436,0.71409,1.3872,-0.62961,1.0589,-1.1615
-0.35209,-1.0493,-1.3646,0.055257,-1.3434,1.0322,-0.57475,-0.61505
-1.4289,-1.0788,1.2467,-0.21367,-1.5052,-0.88776,-1.6616,-1.209
-1.2952,-1.7326,0.80966,1.4682,0.41545,-1.042,1.6521,1.7125
1.4178,-1.4833,-0.13659,0.64317,-0.21778,0.59381,1.5324,-1.4103
-0.93123,1.6284,-1.2245,1.6186,-0.37831,-0.071959,-0.76139,0.19964
0.21829,-0.70424,0.046994,0.62557,-0.77228,-1.5471,1.2336,1.1236
1.0276,-1.5866,0.76769,-1.5744,1.065,0.60134,0.46258,-0.36816
-1.485,-1.107,0.54936,0.79638,0.20927,-0.91817,-1.5573,1.3241
-0.39627,-0.12523,-1.7012,1.3303,-1.3182,0.96532,1.2527,0.0263
-1.7128,1.7027,-0.09916,1.5902,-1.2247,-1.1505,0.67714,-0.49711
0.83164,0.94962,1.2617,1.4436,-1.6136,-0.21338,1.4499,1.4719
-0.11799,1.1454,-0.67636,-0.055979,-1.5546,-0.61155,-0.24865,1.1076
-0.54255,1.5381,-1.3868,1.616,-1.2843,0.89365,-0.66035,-1.5682
1.6909,0.50117,-1.2964,-1.0025,-1.3306,-0.96456,-1.2603,-0.88127
1.4258,-0.61477,0.014057,-0.34192,-1.1255,-0.083249,1.6074,-0.21527
-0.68071,-0.65395,-0.074416,-1.2699,0.66742,1.1994,-0.24435,-0.85922
-0.66391,0.13111,0.31084,-0.52133,-1.0227,0.88946,-0.096619,-0.48564
-0.47833,1.5443,-1.2232,0.19465,-0.52326,0.42817,1.6066,-0.587
0.23774,-1.3894,-1.6362,-0.96071,0.41183,1.3051,0.079087,-1.5418
-0.39439,-1.4424,-0.1996,0.93225,0.86866,1.4427,-0.50075,-0.13566
-1.1219,-1.2418,-1.1652,-1.0101,-1.5167,-0.91334,1.3448,1.3594
1.0763,1.5911,0.23485,1.1262,0.21867,1.5429,0.19534,-1.4417
1.1916,-1.3691,-1.393,1.3732,-1.5159,-1.3855,-1.3031,0.99101
-0.68658,1.7266,1.6654,0.44382,0.16919,-1.6196,-1.5281,0.5395
-0.9742,1.5835,1.6402,0.1086,-0.6791,1.4497,-0.45037,0.9693
-0.91551,-1.123,0.012118,0.44405,1.6627,1.6368,1.619,0.91908
-1.3603,0.26032,0.33689,1.1292,-1.6717,-0.52509,0.096274,-1.6919
1.4127,-0.46053,0.27543,-1.1432,-0.96363,-1.6635,-1.3955,1.0081
1.3061,0.88132,0.14935,-1.2724,0.70876,-0.99016,1.4028,-1.4283
-1.6146,-0.76422,-1.197,-0.46363,-0.61356,-1.6613,0.56055,0.43489
0.76363,0.015255,-0.66227,-1.2343,-0.068845,0.024036,-1.1176,-1.0633
-1.1525,-0.41323,1.6324,-0.24572,0.60764,-1.5382,-0.36892,0.74455
-1.4927,0.34861,0.33861,0.58415,1.456,0.30949,1.698,1.2073
-1.1877,-0.91153,-0.55776,0.45694,0.37058,-0.038895,-0.48734,-0.44237
1.0627,1.2163,-1.5213,0.11338,0.37032,1.1973,-1.2233,0.33272
1.3223,0.95487,-0.23456,0.62081,-0.57783,-1.4899,0.239,1.4585
0.48067,-0.77238,-0.65893,-0.50427,-1.167,-1.6518,0.39219,0.27957
-0.0093831,-1.3146,-0.13024,-0.19735,-0.25665,0.91245,0.56151,-0.24369
1.1725,-1.2933,1.3236,-1.3457,-1.3736,-0.097982,-0.68407,1.4324
-0.94384,-1.1876,1.1923,-0.71854,-0.19031,1.2418,-0.54579,-1.6104
-0.55636,0.20554,1.3349,0.94884,0.85,0.58606,0.23505,-0.69727
1.1674,-0.87307,-0.17065,-0.68035,-0.86225,-1.6049,-0.69,-0.73899
-1.6269,0.051596,1.0028,1.0574,-1.3163,1.143,0.036036,1.6282
-1.6569,0.51851,0.56125,1.5685,0.32722,1.2244,1.1392,1.0557
-1.5019,-0.48597,1.3663,-0.49396,1.2902,0.89704,-0.34625,0.4655
-1.2937,0.011473,-0.46071,0.14395,-1.2159,1.3632,-0.055297,1.562
-1.4662,-0.86737,0.98512,1.7206,0.0071157,-0.32102,-0.26546,1.1803
-1.0542,0.39085,1.1997,-0.7206,0.71045,-0.36271,-0.99489,-1.1104
1.5933,-0.96233,0.035576,0.63712,0.009988,0.57443,-0.57941,0.60282
0.44609,0.42747,1.2736,-1.3223,-1.2397,-1.3641,0.19633,-1.0154
-1.7003,-0.11715,-1.3955,-1.6332,0.92008,-1.3258,1.3369,1.2132
0.74759,-1.0244,0.76414,0.7598,-1.1803,-1.6285,-0.60686,-0.40166
0.87984,-1.393,0.29303,-1.6997,-1.4162,0.19535,-1.1657,0.4344
0.76096,1.6527,-0.21121,0.38089,-0.90935,0.025743,-0.15194,-1.1864
-0.0018507,-0.98934,-0.77466,1.3911,-0.74863,0.39877,1.4651,0.74598
-0.053147,-0.10902,1.0243,-0.72255,-1.1791,0.19491,0.23928,0.72474
-0.42646,-0.57793,0.070938,-1.6661,-1.1221,1.424,-1.6766,0.92099
1.0103,-1.4505,0.57319,-0.70158,-0.23726,0.048789,1.2806,-0.34527
-1.4911,-0.32899,-0.63164,1.1783,0.18666,-0.54219,0.70448,-0.94233
0.79172,1.5715,-1.4054,1.7389,-0.45438,0.90612,0.21899,-0.33001
-1.0141,0.65598,-1.4345,1.0494,-1.4724,1.1076,-0.21761,-0.13424
-0.4831,-1.6396,1.2173,-1.0399,-1.0191,0.68772,-0.96464,1.2653
1.1994,-0.71819,0.67869,0.49448,0.61179,1.2275,1.6082,1.5423
-1.429,-0.55049,0.79173,0.83086,-0.62946,1.6081,-1.1163,-0.9436
-1.4278,1.3015,0.7578,-1.4633,0.93149,-0.45328,-0.4259,1.622
0.17431,0.64239,-0.022119,1.1618,1.5222,-0.24543,-0.40407,0.20986
0.26011,-1.3861,0.14105,-0.64437,0.70716,1.6462,-1.3059,0.10121
1.5334,-0.60992,0.71397,1.1925,-0.60427,0.52057,1.3844,0.33619
-1.0461,-1.0428,1.1562,-0.31109,-1.0003,-0.95635,0.084037,-0.74928
0.77203,-0.45535,1.5897,1.4892,0.51679,0.23026,-1.2567,1.0134
1.0813,0.73887,1.4051,-1.419,1.6119,0.43731,-0.70494,0.30719
-0.12837,1.0497,-0.13535,-0.74026,-0.10758,1.4722,1.2201,0.8442
0.1224,-0.70583,-0.71287,-0.72977,-1.5567,-1.1418,-1.3873,1.6584
-0.2084,0.64803,-0.65791,-0.1854,-0.12238,-0.45602,0.25703,1.2488
-0.0078706,1.2846,-1.3469,-1.3421,1.3926,-1.2091,1.7136,0.9849
0.97338,-1.6122,-1.1967,0.53323,1.6874,0.39486,0.69474,0.17011
-0.086247,-0.037044,-0.99333,0.93852,-0.14075,1.3587,-0.65484,-0.16998
-1.4337,0.39871,-0.69007,1.1899,-0.50312,0.44252,-1.6339,0.74965
-0.72591,0.83643,-1.6926,-0.99183,0.73394,0.4775,-0.35949,1.6578
-0.12408,0.96826,1.3876,-1.4609,-0.037366,0.20782,1.2516,-1.6604
-0.96155,0.62962,1.6475,-0.10544,-0.64371,-1.2745,-0.16725,0.32295
1.6665,0.54279,0.043179,-0.19133,-1.7108,-0.92481,1.6052,0.20012
-0.56982,0.40217,1.6355,-0.76784,-1.2541,-0.7212,-1.273,1.6994
-0.25708,0.97951,0.3082,-0.94097,0.90994,-1.2235,1.3113,1.7253
0.34172,0.16006,-0.7883,0.29093,-0.76442,-0.70279,-0.14893,1.0298
0.87407,0.90017,0.48055,0.9386,1.6919,-1.6833,0.35802,1.6118
-1.6432,-0.87221,1.3573,-1.4344,-0.14044,1.2966,-1.2456,0.23837
0.80729,0.89811,-0.39546,-0.5219,0.76792,0.29636,1.1849,-0.36194
-0.44416,0.32459,1.6324,-1.4542,1.0289,1.2784,-1.6335,0.25908
1.5159,1.1785,0.31331,-1.6577,-0.14403,-0.63243,0.83782,0.76786
1.5317,-0.85048,0.90188,-1.7249,0.49254,-0.64085,-0.70631,-0.1817
0.44696,-0.7135,-1.2187,-0.021331,-1.4983,1.4749,-0.11446,0.5075
1.7186,-1.3523,1.2589,0.52588,-1.2072,-0.61033,-0.44338,1.0096
-0.73691,1.0159,-1.3137,0.58031,-0.50942,-1.6821,-1.055,-0.1474
0.083485,-0.15622,0.109,0.9493,0.23177,1.4876,0.89574,-1.2261
1.0263,-0.19304,-0.72962,0.17668,0.52736,1.3792,-0.95374,0.74113
0.86032,0.29503,-1.6505,-0.52816,-1.1391,0.95115,0.65996,-0.25167
-1.5493,0.59934,0.61875,0.82791,0.11146,-1.038,-1.6927,-1.3632
1.2641,1.5063,-1.2416,1.0743,-0.55633,0.97319,0.27796,-1.2117
-1.2083,1.1635,1.0161,1.383,0.20309,0.55309,0.8175,0.58135
0.23016,-1.5786,-1.1478,-0.06717,1.2399,0.74092,-1.1155,1.0632
-1.0956,1.5548,-0.91868,0.063679,-0.038687,-0.045047,-1.1615,-0.43124
1.4487,0.89058,-0.2602,1.6647,0.50745,-1.6506,-1.7116,1.5657
0.59527,1.496,0.059301,0.035858,0.4608,-1.487,-1.4667,1.515
-0.77603,-0.77695,1.4923,1.2354,1.7049,0.20707,0.53764,0.28073
0.44406,-1.2925,1.4099,-1.1603,1.6705,-1.0203,-1.2342,0.76218
0.43552,0.066965,0.44283,-1.1466,0.18002,-0.10734,0.55234,-1.5477
0.67557,-0.75163,-1.4671,0.81881,1.074,-0.21818,-1.6811,-1.1318
-0.89592,0.83026,0.70289,1.2541,-0.50381,1.2654,-1.4672,1.7004
0.11703,0.71233,-1.4104,-1.6138,-0.47549,0.23958,-1.3719,-0.42766
0.57355,-0.045068,1.4176,0.87689,-1.2969,-0.998,-1.0263,-0.83326
0.63462,0.32974,-1.3144,-0.83882,-1.634,0.06545,0.090781,1.0936
-0.40463,-1.5416,-0.1042,-1.159,0.3144,-0.3852,0.55984,-1.5756
0.80746,-1.5421,-0.73845,-1.3455,-1.5843,0.47356,-1.3356,-0.64457
-0.95872,-0.66214,-1.5375,1.7129,-0.80711,-1.3083,1.2382,0.62077
-0.39988,0.43127,0.83575,-1.2485,-1.1966,1.3575,1.1521,-0.16541
-1.6096,-0.91935,-0.86622,-0.011804,1.3021,1.2903,1.3534,-0.90621
1.2306,-1.1166,-1.0547,0.4514,0.41491,0.61745,-0.424,-0.53576
-1.6547,1.3251,-1.114,1.703,-1.6813,-1.0168,0.63139,0.42672
0.88148,1.6528,0.34695,-1.6724,-1.2773,1.6782,0.89173,-0.64064
0.80252,0.48412,-0.52048,1.0543,0.54417,-0.61867,0.9491,0.4514
-0.13011,-1.2679,0.82591,0.99945,1.6698,-0.75808,0.40402,-1.619
-0.55353,-0.10632,-1.0102,1.0708,-0.24236,-1.6605,0.051846,0.43841
1.4704,-1.625,-0.92112,0.0024734,1.1333,-1.2963,0.94435,-0.95707
-0.45911,-0.26744,1.0429,0.97892,-0.57359,-1.1971,0.67589,1.5667
0.23044,-0.61161,0.10298,0.71499,-0.87452,-0.23313,0.36539,-0.15295
-0.7666,-1.1714,-0.34086,-0.64558,-1.4374,-0.82715,-1.5433,1.0962
-0.72298,0.54744,0.65533,-1.0791,-0.8544,-1.5682,1.1407,1.4413
0.73816,1.3939,0.75369,0.015128,1.021,-1.2768,1.1685,-1.2724
1.4476,1.4524,-1.1834,-0.39538,0.27994,1.1234,-1.0709,0.40265
-0.43974,1.471,0.45645,1.7058,-1.7136,1.3662,0.60806,1.6402
1.5627,-0.38398,-1.4703,-0.42067,-0.27886,0.88876,0.41262,0.93009
0.55774,-1.5576,-0.86611,0.083432,-0.91383,0.8316,0.58277,0.087872
0.0857,-0.80521,-0.47512,1.6044,1.0747,1.2797,0.27624,1.4247
0.44215,1.2544,1.5716,-0.67355,0.84674,-0.53982,-0.2318,0.51248
-1.6825,0.10535,-0.59417,0.065513,-1.5752,0.081304,-0.28448,0.56498
-0.43052,-0.67135,-0.14835,0.38286,-0.9228,1.3128,1.4858,0.30846
0.38737,1.0749,-1.729,1.6897,-0.32268,1.6793,0.305,-0.67434
-1.1024,-0.31531,-1.1272,-1.2068,1.2324,-0.41874,-0.73843,-1.4822
1.6082,-1.3905,0.83159,1.007,1.188,0.98522,0.28864,-0.86755
0.10698,1.6596,-1.174,0.18658,1.4782,-1.0311,1.4797,0.95669
-0.89605,0.60245,-0.68598,-0.88021,-1.4531,1.7103,-0.1409,0.83564
0.33511,1.1764,0.23396,-0.99549,-1.5526,0.35465,0.70265,1.5877
0.25423,-0.24363,-0.95415,0.96568,-0.37024,-0.85365,-1.0117,-0.56245
-0.3028,-1.3653,-1.4865,-1.2136,0.72343,-1.4247,0.63641,-0.066962
-1.6159,0.70914,1.681,1.458,0.52321,-1.5978,-1.7082,1.4763
-1.2665,1.6253,-1.45,1.4682,-1.6517,-0.57225,-0.42747,1.0583
0.099145,0.51553,0.93718,0.78687,-0.57651,-1.02,0.14015,0.37873
-0.15564,-0.13688,0.80268,0.72079,1.6955,-0.98916,1.1823,1.4172
-0.33654,-0.56967,-1.5212,0.084022,-1.7274,-1.2942,-1.0243,1.297
1.5225,1.4247,0.89746,0.71021,1.6217,0.63346,1.0801,0.40838
1.6441,1.5985,1.4915,0.86827,1.5661,-1.2777,-1.6517,-0.33902
0.97028,-1.141,-1.258,1.6882,1.5701,-1.2418,0.91213,0.16998
0.53457,-1.5127,0.19084,-0.52015,-1.0363,-1.6931,-1.5612,1.2204
0.32623,-1.2461,0.51149,-0.55658,0.91516,1.6617,-1.5909,1.3806
0.60915,0.94941,-1.2933,-0.60702,-0.66416,-1.6572,-0.88362,-0.80749
1.295,0.44572,-1.1069,-0.78184,1.6478,0.54699,1.4811,-1.2084
0.97687,-1.1577,0.44348,-0.33223,1.6354,1.4413,-0.17259,1.6999
0.048188,-0.78003,0.11331,-1.076,-0.29251,1.7238,0.64379,-0.58937
-1.4529,1.6358,-1.2371,1.2276,-0.27487,-0.76405,-0.57579,1.046
-0.88049,-1.6861,1.294,1.5366,-0.81955,1.4244,0.44334,-1.1409
-0.98817,-0.75916,-1.2737,-1.0489,0.85218,1.332,-1.1078,-1.246
1.3659,-1.0716,0.12369,-0.38174,0.53565,-0.69684,0.66532,-0.9424
0.28556,-0.33733,-0.87199,-1.5991,0.29747,-0.99377,1.0959,1.0617
-0.76536,0.91132,1.6466,-1.4444,-0.32832,0.64377,-1.1848,-1.2202
-0.83237,0.10199,0.7255,0.18218,1.2481,0.10727,-0.22045,1.5054
1.3566,-0.8381,1.6948,0.49174,-0.55046,-0.85958,-1.0231,1.5641
-1.5038,0.37008,1.4785,-1.0095,0.82722,0.15591,1.3148,-0.025478
0.27521,1.6578,0.25569,1.2025,0.41072,0.94553,1.1932,-1.3746
-0.86029,0.74028,-1.5864,-0.20264,-1.0298,1.0745,-0.52288,0.14563
-1.5508,-1.5745,0.5588,-1.4451,-1.3688,-1.0412,-1.1959,0.83065
1.5545,1.3569,-1.67,-0.11612,-0.71535,-1.1597,0.4626,0.43685
1.6584,0.23697,1.0041,0.49004,0.080071,1.2369,1.5856,-0.78273
-0.27281,0.11687,0.64881,1.5641,-0.25931,0.046871,1.4365,1.0271
0.88639,-1.1402,1.214,-0.051644,1.1473,1.6821,-0.057291,-1.5023
-1.1424,-0.54906,0.9584,0.32549,-1.7092,-1.5733,-0.619,-1.1807
1.0203,0.078626,0.33481,-0.80366,-1.6106,-0.57893,-0.697,-0.44196
-0.95385,1.3445,-0.32669,-1.2529,1.6105,1.3529,0.85428,1.0403
0.47984,-1.2497,-0.39641,-0.50335,-0.11068,-1.0803,0.35945,-0.1157
-0.91686,-0.76986,0.16132,1.5554,0.069464,-0.2198,1.7085,-0.31762
-1.0862,-0.83177,-1.4645,0.654,-0.31501,-0.75069,1.3232,-1.4427
-0.28895,-0.68896,1.632,-0.59846,-0.44386,1.6896,-1.2099,0.99162
0.85823,-1.6025,1.0224,-0.39918,-0.98081,-0.48608,-1.4077,1.4741
-1.5782,0.60773,1.5238,-1.0635,0.030255,0.99458,1.3953,0.31489
-1.51,-1.2247,0.19281,-0.79941,1.0669,-0.68271,0.47661,-0.28756
-1.5707,-1.2293,-0.68697,1.3474,1.2851,-1.0137,-1.6021,0.50781
-0.27772,0.69449,-0.67821,1.3436,-0.49848,0.82754,-1.2127,-1.2313
-0.32679,0.66116,0.60025,1.2972,0.78332,-0.60871,1.5333,0.33235
0.29621,-0.081118,-1.1829,1.0885,0.66437,1.1256,1.3013,-0.88983
-1.174,-1.5516,-0.27988,0.46267,1.0045,0.9442,0.67891,0.95119
-1.7454,-1.2781,-1.4892,-1.2729,-0.31236,-1.0254,-0.68376,1.6966
-0.86442,1.2706,1.384,1.4605,-0.89577,1.4257,0.58294,-0.18051
1.3897,0.023688,1.0177,1.041,-0.76506,-0.54156,-1.7114,-1.245
0.071267,-1.1926,1.2637,-1.0645,-0.79785,-1.685,0.26768,-1.2009
-0.93293,1.0162,-1.2723,-0.35889,1.0372,1.4871,-1.1644,-0.33267
0.62955,0.50611,0.37945,-1.2304,0.90891,-0.88549,0.69951,-1.3944
-0.099284,-0.50922,-1.0741,1.199,1.6087,1.5493,0.76797,-0.11335
1.7225,0.72786,-0.87072,1.3037,1.2482,0.69813,-0.75189,0.59248
-0.23196,-1.2119,1.6241,-1.2795,1.3995,0.64915,0.57771,1.2543
0.4274,-1.5136,0.58324,-0.5134,-0.63418,-1.144,-1.4909,-1.1712
-0.050299,1.3245,1.6017,1.0082,1.6681,1.3807,0.042892,0.2902
0.36395,1.681,0.68913,1.0861,-1.0344,0.37746,1.2578,-1.655
0.1375,0.35836,0.98764,0.099806,-0.41381,1.0415,1.0489,-1.4761
0.65089,-1.7288,1.5309,0.56969,0.35828,0.093951,1.6209,-1.5024
0.34168,0.91916,-1.2269,-1.1809,-0.7358,0.021132,1.1368,0.82897
0.16982,1.6731,1.3108,-0.066025,-1.4339,-1.2731,1.4249,0.37073
0.39845,0.69217,-1.6282,0.48047,1.054,0.82049,-1.5422,-1.1278
1.0245,-1.7076,1.3688,-0.70881,-0.54114,-1.6678,1.1223,1.7231
0.99837,-0.39317,0.90239,0.6466,0.23792,1.1812,-0.83722,1.0575
1.6387,-1.0399,0.75001,1.1689,1.713,0.15922,0.92391,-0.83607
1.2394,-0.80623,-1.7196,0.93036,1.158,-0.18211,-0.0052327,0.16177
-0.24102,0.29148,1.0261,1.097,0.53901,-1.4741,-1.6461,1.0955
0.71706,1.6502,-1.4494,1.3522,1.1871,0.46926,-1.3286,0.6134
0.76139,-0.66613,-1.5247,-1.6854,1.6192,-0.80417,-1.2884,-0.042473
0.75849,-0.17774,-0.56124,1.5767,0.75418,-1.6341,-0.027713,1.423
-1.0767,-1.5705,1.1918,-0.95253,-0.58572,0.37318,-0.33602,0.57487
-1.2582,1.5647,-1.0153,-0.11177,1.2466,0.5225,0.89719,1.2645
-0.0011547,-1.1654,-0.22891,-1.3408,0.52606,-0.85931,-1.2457,1.114
-1.1338,0.080626,-0.73568,0.48519,-1.4859,-0.69992,-1.5949,1.2941
0.38345,0.85888,1.5804,-0.60119,-0.8386,0.52649,-0.77414,0.14585
0.49,-0.99551,-0.75362,-1.6266,0.34835,1.6581,1.6159,-0.43158
-1.7372,-0.22056,0.10582,-0.8088,0.045774,-0.07085,-0.47059,-0.65187
1.3007,0.25665,1.4013,-0.82198,-0.302,-0.91458,-0.88441,-1.5757
-0.87562,0.43536,1.0655,-1.0132,0.74214,-1.645,-1.0969,0.24223
-0.36666,-1.5075,-0.62086,-1.7249,0.90339,-1.4709,0.87103,1.3387
-0.76496,0.49358,1.4959,-1.0304,-0.24638,1.2414,-1.27,-0.26889
1.3213,1.3774,1.2913,0.20854,0.6402,0.43279,0.1364,-1.1756
-0.33981,0.11749,1.5448,-0.6038,-0.12324,-0.19297,0.064585,-0.062048
1.1774,1.3607,-0.061378,-1.3385,0.72496,-1.553,-1.6213,1.4008
-1.1419,0.28983,0.40762,1.6108,-1.1138,-0.51461,1.3183,0.58659
-0.14447,-0.66409,0.97989,1.51,0.34491,-0.58311,-1.562,-0.21927
-1.2336,1.7156,-0.11396,1.4467,-1.5477,0.70806,-0.51979,-1.2395
0.53215,-1.3713,-0.74782,0.26136,0.79199,-1.5991,-1.3037,-0.46797
0.63815,-0.66259,-0.73516,0.39056,0.80649,-0.07531,-1.3989,-1.0912
0.29208,-0.77442,-1.1856,0.90149,0.20332,1.1074,-0.81761,-0.79604
0.69433,0.2134,1.1771,-0.31216,0.93755,1.5627,-1.7107,-0.33412
-1.5986,-0.93872,0.69412,0.31653,-0.60921,0.077894,0.66021,1.6965
-0.081022,0.22798,0.049252,-1.1276,-0.95184,-0.72765,0.39036,1.2466
-0.68042,-0.62644,0.94411,1.1063,0.74414,0.1374,-0.73826,1.4532
-1.1728,0.8963,-0.74945,-0.58746,0.11525,-0.51262,-1.3462,0.23069
1.1955,-1.2851,-0.098466,0.16804,1.5768,0.93552,1.6935,-0.3698
1.5852,-1.6551,1.4839,0.40246,1.3919,-0.77395,-0.70521,-0.17589
0.80193,-0.34686,-0.054042,0.71684,-1.5491,0.079092,-0.11622,-1.1936
1.1733,-0.65573,0.42552,0.070179,1.4501,-1.0873,-1.0977,0.25808
0.38173,-0.45834,1.1926,1.434,0.95955,-1.3644,1.3198,0.53683
-1.4363,-1.0961,-0.81033,1.0577,-1.3373,-0.33874,1.0003,1.4242
-1.6836,1.3436,-0.55824,0.53001,-1.5458,1.6946,1.37,1.7
-0.35416,-0.30556,1.3969,-1.5865,0.48995,-1.0298,0.003735,-1.3409
0.23423,1.7338,-0.2721,-0.84951,1.0452,0.45839,0.71361,-0.46378
0.86883,-0.24704,0.14417,0.55182,0.65003,-0.19326,0.010159,0.4255
1.6167,-1.1512,-0.43025,0.81814,-1.6833,0.54271,-1.5675,0.16479
0.67743,1.6187,-0.42984,-0.016385,-0.57882,1.1769,-0.71181,0.35017
-0.64506,0.95182,0.45662,-0.13754,-0.31601,0.0093044,-0.080975,0.22912
-1.2726,0.0056095,1.247,-0.82461,-1.734,-0.73151,-0.93032,-1.5886
0.44273,0.65331,0.63988,1.5374,-1.5883,0.44504,-0.6919,1.7068
-0.497,-0.8442,1.4112,0.75885,1.6394,0.73333,0.63244,-1.1025
-0.41927,-0.70815,-0.95568,1.64,-0.33753,-0.54991,0.44109,-1.2373
1.4337,-0.60063,-1.7379,-0.42794,-1.6989,-0.71089,0.12158,-1.6775
-1.0385,-0.33614,-1.0768,1.5367,-1.3201,-0.97783,-0.57862,-1.4059
-0.39797,-0.23478,1.6225,-0.20827,0.10507,1.4327,1.5042,-0.3988
0.45584,-0.43646,1.1066,-0.5751,-0.11043,-1.4124,-1.4908,0.1318
-0.19158,-0.50386,0.7354,-0.26509,-0.84577,-1.444,-0.56871,-0.45699
-1.295,0.86527,-0.73249,-1.5358,-0.55037,0.87086,0.32663,1.1112
-0.061388,-0.65227,-1.6368,0.15345,-0.32693,0.96713,1.2944,0.68947
-1.4927,-0.37082,-1.346,-0.12642,-1.2145,-0.58774,1.0184,-1.3002
0.80066,-0.31311,1.6941,-1.3806,0.34015,-1.3888,1.4981,-0.89197
-0.61611,0.28893,0.73372,-1.5749,-1.2447,0.86137,-1.287,-1.454
-1.1116,0.27961,-1.3665,-0.9901,-0.10017,-1.6307,-0.32666,-0.60504
1.0972,1.556,-0.12974,0.088191,-1.2705,1.5085,-1.1742,0.54145
0.27221,-0.10099,-0.68962,-1.4864,-0.58907,-0.61012,-0.87849,-0.1985
-0.53405,-0.34133,0.85616,1.0591,1.5241,1.5257,-1.2678,-1.4612
1.3781,1.57,1.6568,1.7386,-1.7097,-1.3629,0.074959,1.0634
1.1282,0.57568,-1.3389,0.9635,-0.14229,0.77463,0.93116,-0.63855
-0.25688,-0.74128,0.16722,-0.53615,1.6235,1.7152,-1.6022,-0.46546
-0.15019,-1.443,0.51284,0.20441,1.5697,-0.077981,0.36473,1.538
-1.2406,-0.60035,1.7001,1.0871,1.2931,-0.56529,-1.6783,0.3094
0.63892,-1.728,-0.89685,-1.6563,-1.1007,0.27875,1.3697,-0.94894
1.1588,-0.49278,0.75333,-0.38398,-0.98399,-0.60643,-1.4845,-0.2791
0.43915,0.83471,1.4034,0.98376,0.0259,0.73603,-0.95139,-1.0944
-1.2634,0.48697,0.06463,0.43872,-1.6191,0.015366,-0.91088,0.73369
0.81144,-0.39168,1.3095,0.73756,0.28658,0.67889,-0.58043,0.33193
-1.6095,-0.96104,0.9523,-1.0595,-0.73342,0.47954,0.3851,-0.98632
1.0403,0.0076462,1.3546,0.65183,-1.3911,1.1624,0.26127,0.55305
-1.5242,-0.18082,0.016729,-0.9207,0.30525,-1.6406,0.15863,-1.6587
1.1526,0.83404,-1.589,-0.97738,0.42365,-0.48668,-0.012867,0.68479
-1.4713,-0.74967,-1.3259,0.21427,-1.5029,1.141,1.1186,0.29112
1.3444,0.7173,-0.4802,-0.79019,-0.53399,-0.042023,0.63325,0.5096
-0.9907,-0.9361,0.84611,-0.38896,-0.79739,1.3815,1.477,0.47455
0.79813,-1.5954,0.19804,-1.2344,-0.27245,1.4746,1.0121,0.86585
0.36023,0.72632,-0.88864,-1.7214,-0.14256,-0.82501,0.84045,-1.1405
1.4989,-1.7331,0.41995,1.7459,1.111,1.6614,0.70086,-1.1234
-0.84625,0.59748,0.74288,-0.86681,0.36306,0.88858,0.39755,1.3001
-0.67375,-1.0359,1.2982,-0.51814,0.2401,-0.38559,-0.59453,0.96351
-0.05578,-0.47435,1.2939,0.081835,0.29608,1.4878,-0.58153,0.13922
-1.453,-0.9443,0.40145,-0.091078,0.079194,0.71639,0.67057,-0.83965
0.95096,1.4213,0.015163,0.38439,-1.2437,-0.083959,-1.3827,0.075594
0.24425,-0.8313,-1.0917,-0.30644,-0.08115,1.3319,-1.0929,1.1612
1.4355,0.23515,0.40029,-1.3225,1.638,1.6066,-0.85945,1.3996
1.3044,1.448,-0.14005,-1.3249,-1.4854,0.076197,1.3196,-1.2812
-1.4972,-1.3218,0.17584,0.38457,-0.76921,1.3744,0.98386,-0.070783
-0.35325,-0.94785,0.57447,-0.32043,0.98799,-0.16071,1.6382,0.22803
0.12563,1.6075,0.47584,-1.2698,-0.57543,-0.47574,0.19366,0.88643
1.3067,1.5069,1.3405,-0.82615,1.327,-0.67457,0.63583,-0.41468
-0.99776,-0.17003,-0.34303,-1.5888,0.86215,1.2392,1.5155,1.3572
-0.45031,-1.3305,-0.48301,1.4359,-0.41215,1.199,1.3049,-0.88531
1.4448,0.74407,0.62693,0.79761,1.1454,0.51724,-1.6999,-1.3701
-0.40614,0.48975,0.93539,0.88088,-1.2159,0.54781,1.4261,0.42489
-0.56931,-0.16396,-0.14062,1.1706,0.31365,0.26312,-0.9645,1.4065
0.88431,-0.12834,1.2206,1.3087,1.1351,-0.76169,0.69357,0.95863
0.76807,-0.95749,0.76135,-1.4898,-0.82323,-1.0982,1.5203,1.4523
-1.5709,-1.5742,-1.2845,-0.4897,-0.62917,-0.15468,-0.29377,1.5737
-0.61915,1.4108,-0.94765,1.4648,0.98965,-0.021848,0.18358,0.53415
-1.3564,-1.0654,0.2025,-0.48895,-0.95923,0.31852,0.55388,-1.373
-1.5534,-0.35141,0.61068,-0.567,-1.2203,1.0151,-1.6217,0.63942
0.54232,1.2794,-1.6438,0.17937,0.64358,1.5173,-0.87198,1.5159
-1.1669,0.86917,-1.5297,1.5241,0.46379,-0.44986,1.0558,-1.1221
0.29843,0.67093,-1.5021,-1.3893,1.0862,0.90169,0.68425,0.76699
-1.6259,-0.80952,-1.184,0.30978,-1.4275,-0.17302,-1.6337,-1.5173
-0.42811,-0.79744,-1.7662,-1.0322,1.3495,0.87128,1.0475,-0.11456
-0.43848,-1.2261,1.4092,-0.094469,-0.28509,-1.233,-0.75408,0.39288
1.2652,-0.93707,0.23107,1.0152,-1.4441,0.5586,-0.46473,0.76827
-0.4198,-0.67231,0.61979,-0.59271,-1.0166,0.30373,-1.677,-1.4755
-1.0782,0.49246,0.76215,1.4166,-0.29729,1.4382,0.39455,-0.40684
-1.2028,-1.0107,-1.4442,1.6119,1.3539,1.6371,-0.025671,0.11452
1.2514,1.3208,1.2777,0.15404,0.36124,0.76057,1.3136,0.30681
-0.20422,-0.58647,1.6808,0.78469,1.0675,-1.566,0.80175,-0.67693
0.5626,1.5625,0.5601,0.10158,-0.72722,1.1617,1.0943,1.2182
-0.4337,-1.2729,0.0034803,0.46031,-1.194,0.31075,0.20151,0.17826
1.4932,0.51441,1.4656,0.85669,-0.72924,-1.1184,-0.37012,0.38702
1.4852,0.50227,0.77598,-1.3269,0.85966,1.2813,-1.4393,1.6448
0.65963,-1.0936,1.4605,-1.072,1.609,0.83351,0.17238,0.51755
-0.43171,-1.1263,-0.068525,-1.4477,0.91308,0.61578,-0.29233,1.1035
-0.10187,-1.4409,1.3449,1.3523,-0.78876,1.3855,-1.2884,0.28372
-0.86286,-1.2474,0.81433,-1.5805,-1.5785,-1.4945,-1.3389,-0.47353
1.6859,-0.41157,-0.12592,-0.42713,0.36273,-0.19808,-1.2962,-1.6841
0.82772,-0.47712,0.22708,-0.12843,-0.35346,-0.82162,1.219,-1.5467
0.76853,1.1266,0.97155,0.25509,1.6802,0.87294,0.551,-1.1963
1.2334,0.04885,0.44404,0.18444,1.5521,-0.95302,0.68585,0.88445
-1.4036,0.2556,0.36896,-1.5531,1.4619,0.46922,-0.88095,1.7225
0.32244,0.98552,0.5599,-0.080083,-1.1609,1.6542,-1.3727,0.24551
-0.29236,1.1044,0.23089,-1.6998,0.076457,-0.27249,1.3312,-1.2085
0.40688,-1.0332,-0.71616,-0.90988,-0.34923,-1.4181,-1.001,-1.6501
1.5424,-1.6547,-0.38003,0.40837,-0.3258,-0.34734,-0.79687,0.42343
0.43434,0.10388,-1.2339,-0.35483,1.1695,0.34035,-0.42263,0.093159
0.30006,0.57795,1.5218,-0.41509,-0.25053,0.60648,-0.27514,1.5968
0.82969,0.17857,0.55496,-0.83224,-0.72235,1.4485,-0.71141,1.6941
-0.61095,-0.34376,1.3798,0.0049893,-1.3848,-0.20008,0.23032,1.6784
0.50328,-0.93669,-0.22178,1.5304,1.2282,-0.076416,0.74218,-0.58696
1.6249,1.1565,0.46757,-1.6532,0.6839,-0.59904,-1.4662,-1.2049
-0.20581,-0.47484,1.305,-0.42339,-1.4147,0.59933,0.46965,-0.70451
-0.36389,-0.60565,0.17713,1.5375,0.0066046,0.017273,-1.1408,-1.3263
1.0472,-0.80776,0.4288,-1.1425,-0.79347,1.2196,0.43747,1.6724
-1.331,1.3187,1.4017,-0.57879,-0.92764,1.5097,1.2429,-0.73376
1.6802,0.065604,1.0671,-1.4506,1.0831,1.6352,0.4923,1.3787
-1.5885,0.84969,1.4676,0.18567,1.0746,1.4873,-1.3409,0.90084
-1.1264,-0.21271,1.5095,-0.93274,1.2722,0.14732,0.7469,0.61354
0.8847,-0.41148,-1.0604,0.044544,0.67349,-0.42737,-1.7033,-1.7107
0.45403,0.39441,0.2389,0.38108,-0.62121,1.0597,-0.47686,-0.53272
0.65882,-0.48429,1.0364,-1.3278,-1.3898,-0.14094,-0.4301,1.1756
-0.67716,-0.86686,-1.2022,-0.041267,0.60724,1.0785,1.6294,-0.43573
-0.17138,-1.4193,-1.4493,0.8306,0.98934,0.40787,0.25846,1.2573
0.34619,0.30893,1.1095,0.024166,-1.1758,-1.5073,1.6153,-1.3042
-0.12583,-1.364,1.5739,-0.98499,1.6496,-0.84812,0.84245,-0.77168
-0.32594,0.44059,-1.7255,1.6846,-1.539,1.6036,0.18309,-0.41586
0.98016,-1.5887,-0.19087,0.41356,0.12866,-1.4026,-1.0765,-1.4979
-0.41247,0.10771,0.45986,0.59479,1.4384,-1.4135,-0.80043,-1.0886
1.0061,-0.80937,-0.11986,-0.13218,-1.0007,0.38274,1.2125,-1.3391
1.6864,-1.2909,0.78275,-0.96663,-1.0364,-0.58655,-1.4239,1.6182
-1.3748,-1.5172,0.8763,-1.0737,1.3013,0.68401,0.87902,0.50507
-0.44021,0.65858,1.1755,-1.3579,-0.40838,-0.59594,-0.31029,-1.2511
0.83682,1.1615,-1.3408,0.92529,0.88532,-1.0969,0.9533,-1.4792
1.5902,0.109,-0.42157,-0.95097,0.37021,-0.55122,0.96987,-0.4221
-1.5844,0.13881,0.40119,-0.87164,-0.41014,-1.182,-0.62473,-0.012512
1.6999,-0.85053,-1.5851,0.99598,0.71476,-1.2384,-1.0769,-0.50614
-0.84147,-0.97283,-0.3247,-1.5161,-1.2203,-0.64138,0.60265,0.20079
-0.099775,1.3459,0.47161,1.5397,-0.94033,0.12061,0.19152,0.20232
-0.47328,0.29056,0.75168,-0.035063,0.65959,-0.66306,-1.0079,-0.79782
-1.3774,-0.8544,0.855,1.3694,1.7032,-1.082,1.2062,0.20462
0.55181,-1.1538,0.34578,1.629,-1.5715,-1.2183,0.76664,1.4898
-0.73578,-0.27799,0.029454,0.88596,1.5284,0.73102,0.90463,0.081297
-1.2656,-0.83082,1.6049,-0.6705,1.1508,1.3691,0.80154,-0.4259
-0.53569,-0.35868,1.1371,1.7023,-0.071425,-0.39376,-0.12669,1.2069
1.271,1.6181,1.4255,-0.79722,-0.41928,0.7291,0.55681,0.30392
0.99831,-0.45846,-1.2154,1.2219,1.7228,-1.1431,0.68077,-1.2781
0.76044,-0.42108,-1.6913,-0.12483,0.28295,-1.4504,0.88896,0.26456
-0.2724,1.0377,-0.54303,0.26678,-0.33197,1.6774,0.90879,0.15504
0.70411,1.6768,0.31124,-0.39393,0.53284,0.85617,-1.0078,1.3419
0.34673,-0.11958,0.58211,1.6514,-1.3551,-1.037,0.070005,-1.037
-1.5125,-1.6396,-1.1224,1.5032,-1.4598,1.483,1.2689,-1.0755
-0.78665,1.1013,-1.5194,0.32523,0.077564,-1.3518,-1.7237,0.87931
-0.59237,-0.34199,0.42516,-1.437,0.2246,-1.399,0.84232,0.13049
0.15773,-0.18404,0.27168,-0.56596,-1.2844,-1.4296,1.6729,0.059312
1.6528,1.1912,-1.6378,-0.66573,0.44176,-0.23074,0.55451,-1.0865
-1.2437,0.50371,0.27314,0.97542,1.1616,0.16039,0.77359,-1.2055
-0.27948,0.22627,-1.7076,1.308,-0.047154,-1.1627,-1.5711,1.4791
0.25489,-0.81883,-0.048022,-1.1654,-1.2383,0.86919,1.2058,0.46741
0.14859,-0.197,1.4254,0.96228,-1.4905,1.4851,0.82317,-0.52813
-1.5104,0.97039,1.0479,-0.72622,0.13359,0.82627,-0.21338,0.97615
0.49057,0.3608,1.1801,0.39428,1.2543,-0.52105,-1.2211,0.29117
0.66504,1.0486,1.3517,-0.5285,-0.63418,-1.4707,0.68529,-1.2999
0.5373,-0.75363,-0.62742,0.42807,-0.49941,0.84948,0.50785,0.80199
-0.28579,-1.2227,-0.35406,1.674,0.13756,0.14715,1.0448,-0.31195
0.76439,-0.76194,1.0437,0.15334,0.16742,1.0519,-0.90061,-0.11834
-1.4022,-0.44902,-1.4559,1.718,0.54076,-1.264,-1.0645,1.6608
0.46028,0.67017,0.39977,0.26903,-0.11974,-1.4534,-1.3341,-0.8202
-1.2419,0.023309,-1.7403,1.5115,0.070357,0.93707,-1.3147,-1.5833
0.79515,-0.27813,0.12635,1.0124,0.25743,0.27759,-0.37248,0.57467
0.44872,-1.4663,0.96563,0.9819,-0.60279,0.86272,1.5567,-0.90265
-0.6448,-1.1966,-1.2797,-0.065715,-0.99951,0.83237,-0.51969,-0.44551
1.3416,-0.70553,-0.33012,-0.72681,0.83087,0.46176,-0.26134,-0.89459
-1.2949,0.42833,-0.73008,0.010813,-1.3291,1.2534,-0.091384,-1.243
-1.7247,0.74333,1.2633,1.4559,-1.351,-0.46779,-0.61942,-0.005762
0.96253,-0.46698,-0.23807,0.21818,0.33629,0.25566,0.035767,0.96505
-0.49349,1.6204,-0.15216,-0.39367,1.2997,-1.1295,-0.44367,1.0231
-1.1715,0.8801,1.6563,0.6469,0.57699,-0.46984,0.544,0.75771
-0.70578,-0.2876,-1.5412,-1.1885,-1.6681,-1.225,-1.6924,-1.5915
1.4446,-0.45426,-1.1945,-1.002,0.90192,-0.89911,-0.41801,-0.15076
-0.39401,-0.78838,-1.0629,1.2766,-0.049292,-0.31374,-0.12242,-1.5465
0.099859,-1.0195,1.3969,-0.70335,0.20686,-0.25684,0.68599,1.1796
0.66646,0.46195,1.638,-0.93986,0.15325,-0.13897,0.20954,0.94134
-0.15887,1.1164,-1.5891,-1.3247,0.42658,0.96462,0.54948,-0.60596
0.81357,0.037748,0.52137,-1.3685,1.2312,0.50409,0.53575,-0.33082
0.20871,-1.4176,1.6738,-0.82221,1.0847,-0.95401,-0.80033,-0.3791
0.94445,0.94247,-1.4598,0.8308,0.59013,0.81637,0.5956,1.7316
1.7101,-1.3629,0.22726,1.4381,-0.79146,-1.348,-0.58963,1.1382
-0.56247,-0.030144,0.30678,1.4394,-1.5794,-0.10756,-0.00037471,-0.7664
1.0927,-0.99915,-1.3187,0.60402,-0.65125,-1.5799,-0.26035,0.66199
0.079498,0.80084,0.64025,-0.62542,-1.5632,0.4617,-0.3333,-0.37172
-0.47123,-1.2575,0.93356,0.59242,0.80736,-0.59368,-0.6249,-1.1236
-0.71445,1.2374,1.2735,-0.62346,0.65446,0.12179,0.9141,-1.1874
-0.28799,1.6407,-1.292,-1.0106,-0.18516,-0.28465,-0.30156,0.18375
-0.41549,0.0055642,-0.69915,1.7473,-0.50764,1.4437,0.98876,1.0121
-1.1297,0.50123,-0.75663,-0.38579,1.0385,1.2512,0.3839,-0.6137
1.2156,-1.1529,-0.86178,-0.23021,-1.2233,0.075363,1.1647,-1.2134
-0.96724,1.6281,-1.6029,-0.9238,-0.27028,1.3372,0.98437,0.82805
0.95228,-0.020051,-1.5934,0.83498,-0.24303,-1.4731,0.12408,-0.64781
-1.3686,0.14481,0.18401,-1.6392,0.6837,-1.5632,-0.38101,1.3239
1.3683,-0.21718,-1.5825,0.55849,-1.4493,-0.76451,0.96925,-1.0129
-1.5142,1.152,-1.4651,-0.79051,0.88083,0.94708,-1.3349,0.85355
0.33954,0.13733,0.30414,0.70102,-1.3829,-0.29488,-1.2418,1.3199
-0.81211,-1.6762,1.3101,-1.3004,1.6192,-0.16814,-0.29762,1.5514
0.65349,-0.89635,-0.17953,-1.6004,0.99624,1.2292,-0.36924,0.69288
-0.27943,-1.2927,0.66768,0.16567,-0.7418,0.30461,0.56331,-1.2526
1.6539,0.89902,-1.4951,1.569,-0.29672,-0.76102,-1.3465,0.077131
-1.7224,-1.2779,0.48917,1.2645,0.36789,-0.47453,0.41567,-0.85366
-1.0982,-0.72231,0.94844,0.087459,-0.32899,1.5708,1.5107,1.0146
1.1333,-1.2306,1.5706,0.7544,0.085102,-0.03244,1.3801,0.58226
-1.4403,1.5955,-1.002,-0.73666,-0.44203,-1.0003,0.97922,-1.0717
0.8953,-0.0088905,-0.050809,1.4715,-1.6586,0.32118,1.1997,1.7278
-0.25941,1.3217,-1.228,1.1894,1.4535,0.97052,0.88219,-0.48176
0.64802,0.95313,0.59414,-0.71025,-0.95114,-0.30395,0.90272,-1.5812
0.071664,0.39453,0.11649,0.41446,-1.4232,0.46979,1.2586,-1.4145
1.1779,-0.68242,0.5451,-0.46195,0.38184,0.73772,0.22124,0.65655
0.34419,1.6549,1.5559,1.3932,-0.52308,-0.99784,-1.1744,-1.6891
0.72378,1.483,-0.93659,-0.88587,1.3275,-0.097184,1.6078,-1.415
-0.88181,1.6847,-1.5166,1.0035,-1.168,1.0656,-1.052,-1.6203
0.0067151,1.0351,-0.32439,0.14507,1.2483,-0.7107,1.1443,-1.4002
1.6998,0.36454,-0.86824,-1.7012,1.6837,-1.2724,1.6262,-1.6589
-0.96317,1.4841,-0.25424,-0.25436,-0.81544,1.1353,0.74121,0.96538
0.3345,0.067325,-1.5166,-0.55523,1.3558,1.0574,-0.16037,-1.2649
1.2305,-0.83878,0.077806,-1.3649,-1.5326,-1.068,1.4786,-1.0541
1.2413,-0.55873,-1.4464,-1.2676,-1.0095,1.5932,1.0825,1.45
0.91308,-1.2322,-0.33348,-1.6112,-1.2981,-1.4679,-1.314,-1.7129
-1.1959,-0.52329,-0.32747,-0.72541,0.42328,-0.44934,0.7282,1.7057
-0.11637,-0.79187,-1.5283,-0.18073,-1.4496,-0.89928,0.096678,1.3658
-0.55066,1.5254,-0.016389,-1.1568,-0.71323,0.7204,-0.43681,0.17919
-0.28534,-1.5541,0.32921,-0.43581,-0.08831,1.0256,1.3394,-0.53563
0.78447,0.57618,1.6743,-0.54185,-1.0306,-0.96802,0.80192,0.1566
-1.5363,0.56095,1.6414,0.66855,-0.34545,-1.1054,-0.65253,-1.1751
0.9916,-0.054736,0.47386,-0.85486,1.3823,-1.0904,1.5058,-0.015067
1.2254,0.36254,0.67665,-1.0011,1.0343,-0.90121,-1.6184,-1.6033
-0.1327,-0.93122,0.80291,-1.57,0.69932,0.0075191,-0.4547,-0.84832
0.054653,-0.40876,0.21222,0.42329,0.25609,0.11774,1.4101,0.23998
0.10567,-0.55374,-1.163,0.64804,0.072287,-1.0585,0.16769,1.5948
-1.5426,1.0725,-0.31083,1.7278,-1.3813,-0.25603,0.9868,-1.6243
1.3189,-0.74053,-1.6831,0.049862,0.60005,-0.58806,-1.3573,0.77158
-1.1111,-0.80309,0.76321,0.32131,-1.5635,-0.80969,0.9926,0.91295
0.77941,-0.60185,-0.91479,-1.6359,0.80317,-1.4488,1.1817,0.19597
-0.47619,0.95478,0.3488,-0.45079,1.0592,0.21005,1.5103,-0.81313
-1.0217,1.1608,0.32841,0.59714,1.4768,-0.16447,-1.2496,1.186
0.19237,-0.2107,0.31248,-0.0018247,1.5663,-0.51413,0.11011,-0.034365
0.097975,-1.4803,0.86054,0.13761,-1.4622,-1.1994,1.4199,0.086205
-0.35586,-0.092777,1.3587,0.44643,0.78276,-1.504,1.1632,-0.69811
1.1291,-0.49328,1.5415,1.0035,-0.58663,0.6571,-0.16165,-1.6729
-0.42907,0.95117,0.99476,0.8163,0.26909,-1.6827,0.73508,1.0941
-0.70166,1.3452,-1.3063,0.8982,0.066079,-1.1189,-1.0521,1.7205
-0.68056,-0.43383,0.47822,0.43714,-0.33472,-1.1858,-0.021664,-0.90953
-1.1471,-1.3593,-1.3105,1.3772,-1.5261,-0.84806,-0.93666,-1.0407
-0.88404,1.6891,0.47014,1.1976,0.15864,0.018546,-0.76968,-1.3653
0.052075,-1.4441,0.56124,0.50401,-0.21882,-0.96354,-1.2072,1.135
-1.6324,1.1042,0.2425,-1.166,0.45647,0.52919,-1.1642,0.48449
-0.66314,-0.96507,-1.7131,-1.301,-0.73843,-1.5016,-0.41959,0.41219
0.015436,-1.7252,-1.6746,0.3225,0.5924,1.6348,1.606,1.1067
-1.5471,0.29504,-0.80319,-0.72587,-1.4922,1.5326,1.0355,1.0186
-0.39037,0.94569,0.29051,0.071744,-0.37284,-0.95562,1.2776,1.4958
0.26713,-1.3742,-0.86855,-0.62942,-1.2636,0.75873,1.0708,-0.97281
0.063973,-1.1512,-1.0175,-0.16639,0.15632,-0.89673,1.618,-0.64074
1.0564,0.12432,1.1265,0.76525,0.23734,0.65894,-1.3668,0.33365
-0.51343,-1.5807,-0.7219,0.95582,1.5144,-0.19794,0.81595,-0.15561
0.48305,0.45063,0.72569,0.13502,1.3947,-1.5371,1.4676,-0.96421
-1.5891,-1.1004,1.1872,-0.3328,0.47398,0.12003,-1.3906,0.41842
-0.36271,1.5926,0.70997,1.2289,0.50197,1.2982,1.3346,1.4029
-0.37927,0.42254,0.33591,-1.1546,0.90045,0.63068,-1.2787,1.4948
-0.13371,1.7075,-0.71434,0.18556,-0.025949,-0.19374,-0.59244,0.25236
-1.3838,0.21432,-0.34558,-0.53754,1.1161,-0.97799,-1.6886,-1.0003
1.1122,-0.87023,0.68846,0.71327,-1.3526,1.1735,-1.1824,-1.6639
1.6932,1.0836,-0.2952,0.95986,-0.81241,-1.2266,1.6406,0.8418
-0.60209,0.62303,1.2805,0.57025,-1.1072,1.012,1.4698,0.59801
1.2472,0.59486,1.1526,0.98299,0.1029,-0.019,0.3069,-0.52795
0.83494,-1.5204,-0.12214,0.98755,0.86095,0.44106,-0.53625,-0.82629
0.53391,0.19273,1.6642,-0.35421,-0.68571,-0.81696,-1.5796,-1.4033
1.0685,0.14889,0.99923,-0.90422,-0.42816,-1.0724,0.70962,1.6755
-1.5788,1.3602,0.48441,0.061924,-0.22408,-0.62769,-1.5335,1.0781
0.46096,1.3,0.88942,-1.266,0.15964,1.4208,1.4101,-1.4867
-1.3227,0.57016,0.51603,-0.05064,1.2103,1.5372,0.27371,-0.65734
-0.12309,0.33995,-1.2194,0.511,0.41508,0.75609,0.14817,0.50912
0.55976,-1.3038,0.27407,1.658,-1.6142,0.34579,0.48158,1.0617
1.6803,-0.83683,-0.66492,1.1608,-0.71667,1.2435,-0.11602,-0.10415
-0.3347,-0.94562,0.52507,1.2849,-0.63953,0.92485,-0.35082,0.08752
-0.7446,-0.94008,0.6806,-1.2309,1.5226,-1.0875,-1.4929,-0.64762
1.3802,0.43977,0.6388,1.5313,0.22605,1.0358,1.1448,0.87802
0.27537,-1.5581,0.7543,0.33275,-0.20459,-1.2751,-1.4957,0.055599
1.0944,1.0476,-1.0783,0.51567,0.83303,0.31121,-1.6433,1.4252
-0.52325,0.33356,1.5066,1.5325,1.156,-1.6548,-1.222,0.4868
-1.1838,-1.3706,-1.7598,-1.6028,-1.666,0.37015,-0.41605,1.606
0.19534,-1.5721,0.64188,1.3943,0.53804,-1.5186,-1.5902,-1.4963
1.5401,-1.0524,-0.17844,0.57833,-0.14483,-0.10775,-0.89324,-1.3936
-1.6428,-0.15311,-0.3061,-1.6996,0.41944,0.48609,1.1983,1.0115
-0.45303,-1.6781,1.0148,1.38,-0.43059,-0.98126,0.57532,-0.4864
-0.40094,0.10274,1.6237,-0.2426,1.6702,-1.4775,-0.80269,-0.42774
0.77386,-0.42615,1.0529,0.81139,0.94496,0.54274,-0.069707,1.5175
0.38782,-1.1974,-0.99804,-0.23444,0.96949,-1.6506,1.453,0.90291
-0.063897,0.049492,-1.0196,-1.1479,0.85273,-0.42075,-1.5819,0.05884
1.4537,1.1168,0.70596,-0.14781,-1.4618,0.71687,-0.87625,0.0011173
-0.84152,-1.2365,1.5493,-0.99691,0.10365,-0.53694,-0.0080664,-1.5174
-1.4954,0.4354,1.7162,0.6935,1.0648,0.26825,1.6105,1.1831
1.5471,-0.13268,-1.4917,1.6459,0.40766,0.53657,1.2131,1.4017
1.5507,-0.92967,-0.95699,1.078,1.2351,-0.22004,-1.1571,-1.1696
-0.142,0.69837,-0.1318,1.5714,-0.71119,-1.3904,1.4349,1.7296
-0.58948,0.85862,-0.23145,0.063638,-0.86464,1.0605,-1.399,-0.25918
-0.66269,0.28506,1.5601,1.3261,-0.23227,-0.97304,-1.4083,0.90832
-0.35146,-0.2235,0.54781,-0.22689,0.63406,0.086933,-1.2719,-0.10486
-0.23678,-0.47474,-1.0645,-1.6453,1.5315,1.5635,0.57928,-0.19546
-0.84041,-1.1183,0.3895,1.501,-0.87485,-0.56,0.773,-0.34683
-0.81088,0.88636,0.49342,-0.9331,0.16304,-1.5655,1.4128,-0.25413
0.20201,0.41674,-0.89231,-0.45702,0.73107,-0.98149,0.065589,1.5279
-1.369,-1.6143,-0.0014455,1.5172,-0.81073,-0.61684,-1.4091,-1.4879
