0.71876,0.14175,-0.035024,0.73598,0.6825,-0.69734,1.4396,-0.99371
-0.84371,1.7135,1.4378,0.81949,-0.40579,-1.3576,-1.0648,1.5779
-1.3194,-0.33416,-0.11414,-1.6774,0.088975,-0.095359,-0.2139,-1.5317
-1.3379,0.48344,1.5823,-1.3798,0.67559,-0.80953,1.0389,1.642
-1.0852,-1.2852,-0.2728,-0.15885,0.94742,0.37166,-0.2274,-0.10161
1.1292,-0.08294,-1.4152,0.26231,-0.73526,0.86228,1.0418,0.22688
0.44593,1.0535,0.35964,-1.4511,-0.076928,-0.10142,0.92281,1.2668
-0.0060397,0.32665,0.83317,-1.1973,1.0256,1.6603,-0.016172,1.1435
0.87925,-0.28754,-1.1538,-0.76228,-1.2393,-0.71331,1.3434,-0.5387
0.14367,-1.0583,-1.0469,0.2907,-0.735,-0.60499,-1.5764,0.55555
-1.6713,0.33727,1.1495,-0.099229,0.9623,-0.36455,0.63786,1.2463
1.7092,-0.2647,0.55092,1.4361,-0.25781,0.16289,1.168,0.5102
-1.4915,-0.62517,-1.0643,0.71045,1.1353,0.98079,-1.6709,0.50817
1.7135,-0.90675,0.17485,-0.24614,-0.14665,-0.51208,0.067679,-0.83666
-0.91216,-0.30793,1.5587,-1.2181,-0.26122,1.6086,-0.12091,0.057508
0.98566,-0.44203,1.5962,1.2783,-1.6391,1.6893,1.7021,-1.7233
1.302,1.4516,-1.4068,-0.75296,-1.389,0.86808,1.0099,0.73033
1.0419,-0.36224,0.82741,1.0614,-0.12811,-0.5464,-1.4323,0.77466
1.6331,1.6168,0.69552,-1.5773,-0.54772,-0.70831,-0.15217,0.077637
-0.28034,-0.27706,-1.4495,1.1527,-0.46652,-1.6313,1.1467,-0.326
1.0893,-0.40277,-0.21101,-1.5992,1.3871,1.0936,-1.4937,-0.042124
-0.43173,1.5378,-0.038344,1.0363,1.4993,-0.88455,-1.2608,-1.2775
0.31605,1.0133,-1.5536,0.30918,0.52463,-0.022721,-1.6392,0.64711
-0.68053,1.2858,0.9931,-0.56549,-0.92487,-0.55321,0.61071,1.3035
0.67648,1.1949,-0.36852,-1.0397,0.26614,-1.6862,-0.19493,0.21845
0.34837,-1.4571,-0.65802,-1.2535,-0.89362,-0.14398,-1.6161,1.3562
1.4583,-0.43554,-0.053991,-1.1366,-1.0598,-1.03,-1.6123,-0.90651
-0.80327,1.4666,-1.3556,-0.92026,-0.89866,-0.539,-1.0881,1.5651
-1.0531,-0.35629,-0.57749,1.3629,-0.40746,0.50803,-1.6662,1.4529
-1.6826,-1.1017,1.0002,-0.78467,-0.86674,-0.47831,-0.10069,0.42143
-0.34074,-0.52456,-0.68642,0.41086,0.24841,0.78532,-0.39179,1.5407
1.2085,0.77596,0.66985,-0.46513,-1.272,0.35282,1.518,1.3753
0.5596,1.0565,-1.1835,-0.69909,-1.0426,1.3687,-0.54122,0.31205
-0.0048739,-0.98283,-1.3219,-0.77875,-1.052,1.1647,-0.29666,0.80916
1.381,0.97842,-1.2126,-0.036803,1.5028,0.046116,-1.4306,1.0291
-0.074068,-1.4262,0.32864,-0.61642,1.3156,-0.37811,1.6118,0.74177
1.4759,0.88142,-0.54598,0.21754,0.49423,0.29921,-0.78632,1.518
0.50701,0.37507,0.81676,-1.3595,-0.072696,-0.42012,-0.1212,-1.2022
0.31612,-1.6931,-1.5834,1.2015,1.0335,-1.1318,0.019557,0.44043
-0.45501,1.2384,0.75659,1.6772,0.19136,1.1126,-1.3743,-0.98726
-0.77279,-0.68926,1.6575,-1.6331,1.0844,1.4648,-0.072596,-0.83937
-0.53765,-0.69718,-0.17385,-1.6297,-0.94881,-0.4129,0.94914,1.3663
1.4369,0.23547,0.00756,-1.0626,0.62321,-1.2067,1.3518,-1.634
1.6259,-1.6011,0.068213,1.6846,-0.35881,0.7126,-0.36008,-1.4375
-0.50597,-0.62129,-0.18793,-1.5841,1.3863,-0.54214,-0.80177,-0.55138
0.74195,0.26623,-0.3996,0.87401,0.98287,0.95942,-0.91679,0.018799
-1.6759,-0.32834,0.98081,0.99423,1.1076,-0.3138,0.55084,-1.2205
-0.49447,1.3341,0.98626,0.24338,0.093729,0.20713,1.2667,0.82555
1.4449,0.45783,-1.3265,-1.3813,0.89926,1.6018,1.5799,1.0857
0.74723,-1.5194,0.84332,0.1987,-0.51369,-0.44713,-1.5676,1.3589
0.8776,0.42093,-0.15476,-1.6193,1.2114,-0.25451,0.00052066,-1.0375
-0.61572,0.4916,-0.34,-0.94492,0.052122,-1.3861,-0.87961,-1.7114
-1.0599,0.29426,-0.70245,1.1923,-0.91415,1.3299,0.074651,1.2273
1.1373,-1.1233,0.57507,-0.62289,-0.66123,-1.6204,-0.93669,1.6438
-1.3317,-0.99331,1.2852,-1.482,-1.3115,1.5594,1.1577,-1.4685
-0.89717,-0.063352,0.69157,1.7232,-1.5268,-0.20328,-1.4342,0.031336
0.86732,0.21678,-0.79521,1.053,1.5173,-1.5812,1.4367,0.88824
0.66281,0.86615,1.2385,-0.4938,-1.6388,-1.0126,1.4273,-1.0257
-1.3275,-1.3022,0.6703,1.1998,1.5923,-0.7177,-1.5641,-1.5376
1.288,1.2293,-0.53767,1.6505,-0.98113,1.3296,-0.44414,-1.5457
-0.90306,-1.0619,0.5771,1.7579,0.92743,1.5315,1.1222,-0.22081
-1.3707,-0.28377,0.38709,0.57531,0.48268,-1.3494,1.6459,-0.71419
0.91824,-0.29026,1.3097,-0.62919,1.2464,-0.066753,-0.24733,1.3648
0.27206,0.52981,-0.48695,-1.0327,0.56837,1.5697,1.7005,-0.55611
-1.2659,1.4872,1.2796,0.31721,-1.5286,-0.20373,0.63943,-0.29178
-0.19365,-0.57463,-1.0988,0.33798,-0.81846,1.1885,-1.0751,0.53744
-1.3787,-0.10373,0.33138,-1.313,1.1606,-0.69327,-0.63149,-0.70788
0.80067,0.8835,-1.5484,1.69,-1.1013,0.73755,1.3729,0.29758
-0.75901,-0.71342,0.98031,-0.95513,-0.11564,0.36594,1.0821,0.24404
-1.2579,-1.3415,1.4949,1.0938,1.5054,-0.49494,-0.28516,-0.50276
-0.76049,-1.25,0.64864,1.2564,0.92843,1.2906,-0.93764,0.84551
-1.4043,-1.5278,-1.1231,-0.89109,-1.4956,-0.60914,-1.4532,0.46043
1.2153,0.80781,-1.7324,-1.5714,-0.43945,-1.6317,0.93486,0.76281
-0.85212,-0.14254,-1.6132,-0.48294,1.1799,-0.38075,-1.1149,-1.3616
-0.74739,-1.6711,-0.025472,-1.2823,0.11888,-1.304,-1.0184,-1.3909
-0.84045,-0.48578,-1.3193,0.68366,-1.4967,0.90988,-1.2581,0.35389
0.38662,1.0855,1.3093,-1.1429,0.83378,1.7294,-1.6235,-0.75916
-0.39853,-1.3202,-1.5129,-0.38666,-0.59829,0.51103,-0.36645,0.57847
0.25118,-0.7412,0.86948,-0.82155,1.7056,-0.83361,-1.4592,-0.41316
-0.61686,0.98128,-1.3146,0.7454,0.10168,0.60233,-0.9354,1.5756
-0.026515,-0.72259,1.1816,-1.0364,-0.13199,1.1641,0.24573,-0.22839
-1.1564,1.3369,-0.57892,0.33562,-0.58807,-1.4075,-0.34607,1.5075
-0.16772,-0.68151,0.55159,0.8428,0.30613,-1.4549,-1.1938,-0.23465
0.47838,-0.82375,0.53019,-1.5802,1.5277,0.73718,1.5017,-1.2463
-0.1145,-0.60822,1.3478,0.86885,-1.055,0.38928,0.73352,0.12507
-1.4595,-0.45902,-0.41574,0.74345,0.029003,1.2091,-1.586,0.46533
-0.95406,0.88039,-0.60917,-0.55743,0.67851,-0.52437,1.3764,0.62244
-0.42145,-1.5538,-0.30939,-0.21826,1.5774,-1.3526,1.0649,0.19183
1.1767,0.91381,0.58849,1.3699,-0.13608,0.85749,0.45513,-1.0059
0.58477,-0.32275,1.6845,-1.5678,-0.27891,-0.97965,0.074174,-1.0337
1.3227,0.93904,1.5487,0.76225,0.033185,1.0758,1.2418,0.73541
1.3615,0.15948,1.6081,1.1901,-0.55979,-1.607,-1.0194,-1.1333
-0.084698,-0.047013,-0.85745,-1.5287,-1.1895,0.7026,0.94861,0.98692
0.84975,-1.4922,-1.666,0.16909,-0.36388,-0.57581,1.6591,0.52598
-1.5776,0.16145,0.50953,-0.58193,1.1469,-1.1542,0.29506,0.071866
1.3686,-0.99261,1.2168,-1.3935,-1.4895,0.36859,0.90644,1.4731
-1.0898,1.551,-0.11078,0.48374,-0.74927,-1.2255,-0.98552,0.16831
-0.89457,0.12492,-0.3653,-1.0487,1.5995,1.6595,-0.93443,1.4982
-0.99452,-0.24664,-1.4155,-0.88267,0.27101,-0.12977,-1.2171,1.1197
-1.1708,-0.47846,-1.6612,0.048433,-0.30804,-0.43299,0.15245,-1.3561
0.94009,0.47863,-0.63449,-1.5659,0.89338,0.15645,-1.1547,-0.81038
1.0939,1.6562,0.86898,0.21707,-1.5261,0.6625,1.2173,1.4643
-0.097766,-0.52472,-0.55682,1.051,-0.072159,-0.54887,-1.6818,0.54991
1.2825,1.0285,0.077796,0.96129,-0.51531,1.6845,1.593,-1.0661
1.6525,-1.391,0.65625,0.21951,-1.603,1.553,1.203,0.55217
-1.1463,-1.0135,1.1898,-1.0783,0.024183,-0.61906,-1.0512,0.69567
0.89668,-0.38129,1.5678,0.036112,0.15349,1.1612,0.070827,-0.81952
-1.6062,1.5304,0.68132,-0.49076,0.066724,0.49728,0.40826,0.32678
0.79234,-0.76972,1.342,-0.015364,0.61036,0.57045,0.462,-0.84634
-0.7908,0.93246,0.72185,0.22521,1.3474,-0.23823,-1.0643,-1.1897
-0.48364,-1.5577,1.1856,-1.1959,0.10471,0.98482,-1.1143,0.52717
0.79554,1.2286,0.50241,1.245,0.89068,-1.3041,0.21236,-1.6043
-0.75477,-0.51488,0.6244,1.2602,-0.47599,0.56648,0.3311,0.63536
-1.4581,1.2308,-0.33776,0.33781,0.94912,1.522,-0.039303,-0.55927
0.57136,-0.50421,-0.42092,-0.62032,0.51075,0.5148,0.8663,1.0329
0.89582,-0.38452,-1.5054,0.5122,1.3704,1.3483,-0.15216,1.1695
-1.1551,1.4219,-0.059561,0.34704,-0.2227,0.51217,1.4268,1.2821
-0.79131,-0.485,0.54865,1.2938,-1.5877,1.0852,1.3336,-1.0424
0.95709,1.563,-1.3683,0.50251,-0.26038,1.0407,-0.51424,-0.06957
-0.77731,1.0792,-1.478,-1.417,0.23155,0.73618,-0.74028,0.43106
0.72902,-0.45733,-1.4446,1.1725,-0.34799,-1.5081,-0.3776,-0.53033
1.6243,0.54905,1.0193,1.607,-0.51639,-1.329,0.61029,0.64348
1.554,0.078453,1.3798,1.3076,-1.0538,-1.1648,-0.42587,1.4251
-0.51618,-1.125,0.07954,-0.72089,-1.4413,0.54724,1.0037,-1.6715
-1.497,-0.56157,1.5003,-0.91019,1.006,1.454,1.6991,0.79782
-0.91167,-0.81554,0.12828,0.3128,1.5914,1.4538,-0.99386,1.0072
0.20949,0.86738,1.0676,-1.6745,-0.17277,-0.82251,-1.6842,1.0166
0.51602,1.6829,1.2675,1.5732,-0.68755,-0.64315,-0.87407,1.6318
0.66045,-1.5337,0.75109,-0.31449,1.1089,-1.5283,1.2964,-0.19569
1.2549,1.6045,-1.7539,-1.4301,-1.1435,1.6252,0.54506,0.35922
-1.1314,1.3912,0.1489,0.75214,-1.6338,1.717,-1.0763,-0.52527
0.66974,1.384,1.4789,0.84633,-1.6154,1.1037,-1.0076,-0.023196
0.52162,0.45015,1.7001,-0.024235,0.36713,1.4992,0.44934,0.42064
0.32786,-0.94919,0.9342,-1.3111,-1.6114,-0.67844,-0.91354,0.201
-0.33891,-0.16701,-0.57352,0.53872,0.40552,0.44272,-0.29799,1.5466
1.2974,0.87924,1.5928,1.1456,-0.23739,-0.82494,1.0061,-1.6627
1.4499,-1.2095,-1.5996,-1.2695,-0.24235,1.5278,-1.1274,-0.4713
-0.327,1.5637,0.49875,-0.30985,-0.97245,0.085113,0.16687,-0.077605
0.52175,0.64034,0.54663,1.0527,-1.3617,0.63581,1.2598,-1.1007
-0.047426,-0.47792,1.1921,-1.5706,-0.57558,1.168,-1.0206,-0.74158
1.0951,0.75583,-0.16235,-0.25126,-1.1528,1.0027,-0.91288,-1.5111
1.515,0.69062,-0.3309,-1.4423,-0.018413,-1.1464,1.3999,-1.5743
1.038,0.12813,0.21706,0.4059,-0.34468,1.7241,1.0019,1.4267
-1.517,0.16288,-0.67858,0.85182,1.4332,-1.163,-0.87117,-1.1142
-1.3398,1.2674,0.9018,0.36717,0.68726,0.31594,1.4671,1.6596
0.86623,-0.82076,-1.3076,0.098073,-1.6104,-1.0764,0.35242,-1.5048
-0.52514,1.7345,-1.6347,1.087,0.092238,0.68397,1.3055,0.16781
-0.39314,1.1774,-1.7321,-0.25793,-1.076,-0.76519,-1.0501,0.12057
0.50921,1.3216,-0.96693,0.72667,1.0615,0.27702,-0.23597,0.25028
-0.78375,0.51493,1.1206,-1.3142,0.047867,-0.18121,-0.5244,-0.38733
-0.24245,-1.0194,-1.46,0.95292,1.1306,1.5425,0.56724,-0.72502
1.2782,0.082524,0.66387,-0.88692,0.82134,0.92634,-1.2452,0.19382
1.072,-0.78049,1.0433,-0.054912,-1.6886,0.81042,1.0535,-1.2653
-0.96952,-1.6196,0.70485,-0.016059,1.4224,-0.49764,-1.0841,-0.061962
0.80896,1.0555,-0.61328,-1.185,-1.1184,0.44034,0.8429,-0.32272
1.6605,0.51916,0.22182,1.0241,-0.68176,-0.25828,0.85062,-0.19318
-1.5117,-1.5064,1.271,-0.71279,0.26413,-0.068376,-0.25142,-1.3709
-0.29565,-1.3168,-0.67202,1.7532,1.2652,-0.6726,0.61016,-0.15129
0.84805,0.2931,-0.2706,-0.13799,1.2027,1.2165,-0.91126,-1.2002
-1.4363,-0.60263,0.49189,-1.6027,-0.89403,1.6718,-1.734,0.80972
0.90149,-0.35621,1.1341,-0.18647,-1.0473,0.23424,-0.69797,-1.2243
0.24881,1.093,-1.3691,-0.30586,1.0135,1.1641,0.47643,-0.64612
0.64299,1.7204,1.6564,-0.96099,-0.86798,-1.3837,1.4292,-0.45565
1.3315,0.50994,-1.1943,1.5861,0.84757,-0.88867,0.78794,-1.6835
-1.5348,-0.4715,1.3359,1.7174,-0.17536,1.1773,-0.49932,-0.75391
0.64486,1.2009,-1.386,1.3452,1.4114,-0.21089,-0.54308,-0.033182
-0.59579,0.55051,-0.17152,0.74227,-0.55569,0.26466,1.3826,0.3514
-1.7384,-0.48064,1.4598,0.47376,-0.55158,-1.3044,1.0806,-0.22806
-0.90207,1.057,1.518,-0.68723,-0.70852,1.5969,1.483,0.046445
-0.097118,0.65506,-0.72913,-0.31223,-0.67301,0.34842,1.3104,-1.3285
-1.0835,1.2068,0.39563,0.22704,-0.8401,-0.18476,0.89794,1.5484
-1.0366,0.53621,0.139,1.5881,0.86746,0.32708,0.027006,-0.33198
0.15992,0.24433,0.24787,-1.2954,-0.90065,1.1925,0.14208,-1.0513
-1.0079,0.21564,-1.5921,1.113,-1.6549,-1.6473,-0.31389,-0.95995
-1.4938,0.082083,-1.219,-1.3908,0.16714,-1.6308,-0.12792,0.84122
-0.14108,1.0541,-1.1177,-0.65209,1.5424,1.0796,-0.12689,0.53826
0.63049,0.53028,-0.22671,0.84029,1.1581,-0.76592,0.80529,1.4589
0.047506,1.3291,1.2584,1.5267,-1.6787,-1.1442,-0.34559,-1.3063
-0.64167,-0.75353,0.25781,-0.37293,-0.24971,1.2539,-1.254,0.74244
0.69188,0.29958,-0.3952,0.75873,1.0947,-0.29083,-0.30994,0.59707
-0.58503,0.73862,-1.0562,-0.3035,-0.067823,0.11294,1.4454,1.4882
0.87137,-1.2446,1.2237,1.0017,-1.0541,1.5348,1.0227,0.43846
0.8731,-0.18972,-0.42339,1.1535,-0.35976,1.6255,-1.6761,0.028787
-1.5551,-0.69568,-1.2714,-0.063183,-1.6652,-1.0638,-0.81998,0.61943
-0.50901,1.6712,1.118,-0.61176,0.90117,-1.127,-0.69554,0.7422
0.21512,0.4654,-0.53358,0.94575,0.60376,-0.24315,0.23294,0.20723
-1.2681,1.6958,-0.19413,1.2583,0.69737,0.71672,1.1394,0.93949
0.42062,-1.1199,1.5297,-0.81626,-1.4804,-0.68014,0.24502,-0.92187
-0.085692,0.21004,0.76479,-0.51782,-1.0045,1.4172,-0.33994,-1.364
0.17115,-1.1253,-0.82041,-0.12543,0.48619,-0.44483,-0.89256,-1.0728
1.265,0.9021,0.64212,1.4632,-0.41936,0.31726,0.091752,0.2093
0.028986,0.92812,0.1779,1.0773,-1.6776,-1.4943,-1.4975,-1.1451
0.52106,0.06581,1.432,0.29246,-0.16753,0.49706,1.3619,0.88771
0.25251,-1.3053,0.012935,-1.5107,0.99413,1.3822,0.0087402,0.17276
-0.31904,0.82309,-1.3445,0.61691,-1.6095,0.018386,1.3125,1.0739
1.4167,0.89614,0.080701,0.93954,-0.33833,1.0076,0.88184,-0.084897
0.072166,0.15087,-0.62086,-1.547,-0.87969,0.0267,-0.036032,0.4607
-0.3084,-1.387,0.22107,-0.19911,1.2651,0.19858,-0.096696,-1.1474
-0.82194,-0.78957,1.247,0.68475,-0.90274,0.27841,0.82219,-0.15101
0.28971,1.2173,0.62115,-0.98813,1.5406,1.1783,1.5621,-1.5861
-1.5683,-0.41841,0.94639,0.53647,-0.27182,-0.40788,-0.74382,-0.23111
0.14438,0.53197,0.22466,1.1965,-1.3782,0.011615,0.10823,1.677
-1.1523,-1.0985,-0.53037,1.7043,-1.2797,0.4656,0.80232,0.54658
-0.83548,1.5388,-0.93265,0.90361,0.32397,-0.099471,0.6999,0.96087
-1.5882,-0.66134,-1.6023,-1.4653,-0.03846,0.46948,0.95891,1.2801
1.1682,-1.1546,-0.17381,-0.6946,1.3343,1.1438,1.0142,-0.46137
0.13071,-0.6206,1.2293,1.3714,-1.2957,-1.3523,-0.23221,0.3314
1.6427,1.1843,1.6489,1.4306,0.53051,1.6467,-1.4849,0.092487
0.34406,0.31218,-1.2814,0.59046,-0.31863,-0.059338,1.2253,0.3958
1.2265,-0.71079,-1.2738,1.5352,1.7044,0.33491,-0.42834,1.4053
-1.3406,-1.6988,-1.309,0.11825,-1.5735,-0.35998,-1.0515,0.13129
-0.54502,-0.43794,1.3279,0.16925,-0.037648,-1.2206,0.98191,0.83318
-0.13301,0.70635,-1.0911,0.91444,-1.199,1.0673,1.0986,-1.6549
1.1369,-1.2383,0.96948,0.38345,-1.3863,0.093453,1.0564,1.0071
1.535,-0.46083,-1.4169,-0.97356,-1.5091,1.1536,1.333,0.89426
-0.80782,1.0569,-1.6597,-0.28957,-0.67079,1.393,0.042252,-1.1987
-0.54412,-1.5945,-1.1749,1.5831,-0.94752,-1.2904,-1.569,-1.6742
0.073642,0.53148,0.38614,1.319,0.58818,-0.57369,-0.42923,0.22294
0.10078,0.71232,0.9993,0.39658,1.4136,0.71029,-0.94411,-0.54916
1.0652,0.6786,0.01984,0.81327,-0.85349,-1.4845,1.3544,0.8735
-1.0479,-0.69535,0.64192,1.048,-1.3424,-1.3918,0.41032,1.3145
1.1062,-0.80671,-1.6303,1.0014,-0.085308,-0.49228,-1.3313,1.4755
1.3078,-1.0754,1.2445,-0.23601,1.2154,0.54146,1.2048,-1.1685
-0.82093,-0.94325,1.7024,-0.29058,0.33289,1.1509,-0.69165,1.3946
0.068307,-0.61469,0.026718,1.0436,-0.090446,-1.0927,-1.0471,-0.041237
1.6979,-1.2246,-0.90454,1.3247,1.6389,0.096024,-0.41935,0.52995
0.89687,0.16612,0.046689,0.43169,-1.6806,0.91796,0.0066371,1.6514
-0.47214,-1.6685,0.54447,1.6173,0.54438,1.081,1.5439,-1.2541
0.21441,-1.469,0.85079,1.3188,0.56299,1.6004,0.4486,-1.605
-1.234,-1.1056,-0.84148,-1.15,1.4113,-1.0373,1.6936,-0.034329
-0.46811,-0.25198,-0.46713,-0.021356,-0.64348,-0.079565,-1.3439,0.12071
0.9179,1.3171,-0.6285,-1.3015,-1.5911,0.046525,0.009031,0.35427
-0.68518,-0.31677,1.0609,-0.076223,-0.41457,-1.5497,-0.77293,-0.84749
0.50314,1.7478,-1.0695,0.47222,-1.399,0.38498,1.4855,-0.62892
0.79891,-1.5531,-1.0211,1.0175,-1.4872,1.1935,-0.85563,-0.34904
1.5548,0.50566,1.5925,-1.2782,-0.20128,0.0036823,-0.94071,-1.3596
0.24324,0.72102,-0.096591,0.73861,-0.0031034,1.7049,1.2238,-0.058481
0.82952,1.211,0.8659,0.31612,0.75169,-0.31193,1.0707,0.92917
1.3481,1.576,-1.2283,1.3704,-1.3051,-0.16687,0.95559,-0.010497
-1.5208,-1.6068,0.70083,0.2177,-0.10357,1.6204,1.3002,0.66161
0.28062,-1.7275,1.1758,0.10725,-0.44533,0.59168,-1.6288,1.421
-1.1936,-1.6435,0.66109,-0.18286,-0.0065813,-0.82558,-0.72167,1.1112
0.52451,-1.3079,-0.6292,-0.22548,-1.1658,-0.92381,0.90218,-0.12498
-1.1739,0.97569,-0.99131,0.874,0.90629,-1.0931,-0.76083,0.19508
1.2827,-0.32011,-0.40491,0.49767,0.50203,-0.82878,0.225,0.68362
-0.055634,0.67603,-0.9034,1.0729,0.89633,-0.66139,0.73807,1.6729
-0.60309,1.107,-0.61609,-0.40482,-1.1118,-0.62142,0.2377,-0.70591
-0.7182,-0.5974,-0.034596,-0.648,1.1041,-1.4808,1.0199,-1.5956
-1.0175,0.30083,-1.6066,-1.0158,1.0381,-0.31979,0.57647,-1.1119
-0.29342,1.4663,0.58392,1.0173,-0.99396,1.5168,0.73963,0.95782
0.76846,-1.5031,-0.97975,-0.083277,1.1015,1.362,1.0296,1.1314
-1.3816,-1.0721,-1.2503,0.83602,-0.98421,0.35295,0.38149,-0.97781
1.3534,0.50603,0.16916,-1.0399,0.92163,0.61186,-0.77218,0.93464
-0.88741,1.5318,-1.2829,1.6065,-1.1652,-1.4083,0.89466,-1.5265
-1.5178,-1.717,1.5737,1.3134,-1.6309,1.027,1.0625,-0.32222
-0.42525,-0.41688,0.33835,1.5386,1.2863,-0.29686,0.57476,0.72244
1.3237,-1.4518,0.83824,-0.95031,1.6398,0.81142,-1.0621,-0.4618
-0.4074,1.7188,-0.87904,-1.3018,-1.7391,-1.1172,-1.0803,-0.25767
1.382,0.76065,0.019843,-0.29121,1.6238,1.4037,1.6267,1.3127
0.72352,-0.23883,-0.79602,-1.1731,-0.48119,-0.42644,0.3775,-0.1037
1.1031,-1.6642,-0.079295,0.57151,0.15384,1.1408,1.465,0.21945
-1.3169,0.93278,0.45073,-1.19,0.065208,0.82877,0.45291,-1.1782
-0.64062,0.94383,0.12715,1.0709,1.0409,-0.50983,-0.41952,0.95977
-1.7197,1.3787,-0.87576,0.76239,-0.67179,-1.4923,1.2834,-1.2185
-1.3473,-0.2926,1.3411,-1.4089,-0.28481,-0.55957,-1.4802,-0.84591
-1.3896,0.54977,-1.5332,1.7358,0.3669,-0.8872,-0.078778,1.2898
-0.30993,-0.86691,-1.7619,-0.88029,0.79404,-1.553,-1.5622,-0.48935
0.29742,1.3863,-1.5642,1.1768,0.56816,-0.70509,-1.466,1.5044
1.357,-1.4837,0.50605,-1.715,-0.93125,-1.6949,1.1202,-0.87221
-0.53225,0.10179,0.55473,-0.44095,0.53838,1.727,0.9945,1.6449
1.6382,-1.7272,1.5063,-1.7276,-0.87269,-0.94641,-1.6155,-0.96849
0.8787,1.4147,-0.1337,1.5277,0.69527,-0.97843,0.8269,-0.56446
-0.192,-0.37062,-1.1056,0.82138,-0.56838,-0.86547,-1.1073,-0.88288
0.36318,-0.062276,1.4668,-0.88069,0.52196,1.4103,-1.3093,-0.75081
0.47098,-0.13978,0.41987,0.70697,-1.585,1.022,-0.99216,0.084028
-1.4179,1.5278,-0.61026,-1.5061,1.1927,0.57668,1.4145,-1.3136
0.07494,-0.89873,0.41026,-0.37658,-0.90012,-1.4289,0.83891,-0.93175
-1.2801,-1.7268,-0.55154,-1.0126,-1.589,-0.79039,-1.3138,-1.5926
1.0914,-1.2096,0.87881,-1.0996,-0.51337,-1.0342,-0.85848,0.81393
-1.1979,0.16809,-0.70397,0.29072,-0.32914,1.0805,0.89311,-1.203
-0.98864,-0.49324,0.33348,1.1155,-0.91611,-1.687,1.148,0.90199
0.49995,1.6637,-0.26669,-1.2043,-1.451,-0.11274,0.35882,-0.2293
-0.1477,0.1375,-0.8734,1.201,0.97203,-1.1029,-1.5394,-0.92202
1.0981,-1.7016,0.44626,-0.73059,-1.3672,-1.2619,-0.41038,-0.013954
1.563,-0.43073,-0.97952,0.95369,-1.442,-0.66902,-1.5461,0.81105
0.73802,-0.95042,-0.14175,-1.2287,0.33991,-0.047012,1.0584,0.3519
1.5523,0.078035,-1.4963,1.4999,-1.0271,-1.2921,0.044154,-0.10439
-1.7287,1.7497,-0.84194,0.35173,0.93241,0.95525,-0.45441,0.26937
0.7429,-0.72832,-0.30753,-0.0557,-1.3819,0.063944,-0.13872,-1.4254
0.90074,-0.74195,0.023452,-0.56754,0.12082,0.06033,-1.6358,-1.0339
-1.1831,-1.5663,-0.35145,-0.71841,-0.39982,-0.74899,-1.5653,0.24973
0.4288,-1.2707,0.16998,1.1415,-1.1872,0.043448,-0.43643,0.87241
-1.1372,1.701,0.95426,-0.069558,0.12183,-1.4777,-1.3319,-0.28617
0.49165,0.2819,1.5858,0.49217,0.88819,1.556,-1.4903,1.26
0.57296,-1.4787,-0.93517,-0.018938,1.225,0.93601,-0.11205,-1.2337
-1.1815,-0.30646,1.3218,-1.2304,1.2533,0.57397,-1.2693,1.1126
1.5341,1.3289,0.45387,1.3648,-0.68988,0.26391,-0.34212,-0.79873
0.91035,0.27009,-1.5753,-1.3994,1.1404,-1.4257,1.2412,0.22554
1.2983,-0.8439,-0.58637,-0.61815,1.6961,-1.3796,-1.2117,1.5467
1.6897,0.88327,-0.15938,-0.86029,1.1014,0.31818,1.4286,1.4239
-0.84604,-1.37,1.324,0.12423,0.95374,0.70798,-1.4169,-0.82056
1.0419,1.6516,-1.759,0.20966,-1.5748,-0.81775,-0.82686,-0.29434
0.61945,-1.4843,-1.5992,-1.5925,-0.065823,-1.414,-1.6808,0.26489
-1.0373,1.5384,-1.7313,0.00050619,-0.46761,1.5733,-0.089523,1.0745
-0.7424,0.058344,0.38833,0.64978,-1.7156,-0.17458,0.87062,1.106
1.4986,1.617,0.76403,-0.13542,0.2712,0.55997,-0.14024,-1.1173
-0.21304,-0.62671,-0.84573,1.5561,-0.11046,-0.95206,0.38121,0.65935
0.20037,1.55,1.2411,1.1801,-0.64457,-0.21809,-0.88689,-1.0489
0.0026268,-0.56259,1.5144,1.3139,0.5543,0.56102,1.1423,0.8866
-1.0354,-0.89078,-0.1249,-0.22562,1.457,-0.17477,1.257,-1.0917
-1.6403,1.2088,-1.2308,-0.19009,-0.57498,-0.2556,1.328,-0.49564
-1.0952,1.5593,-0.40378,1.6762,1.5072,-1.6235,-1.5344,1.6547
-1.5934,-0.59535,1.3914,-0.75744,-0.82309,-1.1203,-0.63147,-0.2286
-0.58231,-0.55354,1.4781,-1.046,-0.94516,-0.32749,1.0963,-0.56568
1.6775,0.38895,0.41767,-0.15642,0.68947,0.29235,0.17654,0.11489
1.2636,0.12369,-1.167,-0.62201,0.80042,1.2062,1.4296,-1.133
1.269,-0.21218,-1.3674,-1.0237,-0.63901,-0.35391,-0.1557,-0.88073
-0.46734,-1.113,-0.60918,-1.284,-1.5303,1.5723,1.5523,1.5466
0.36717,-0.6917,-1.1459,-0.58036,1.6061,0.46839,-0.45716,1.2234
-1.3246,1.1975,1.4391,-0.77164,0.13378,0.40041,-0.58866,0.20936
0.33708,1.2729,-1.017,0.49496,-0.90955,-1.3424,1.636,1.2257
-0.99198,-0.23254,-0.052354,1.2103,-0.43713,-0.96837,-0.98652,0.088393
1.3598,-1.7074,-1.6131,-0.40315,-1.2245,1.2494,0.73647,0.77685
-0.40892,1.7224,-1.531,0.40021,-1.6709,-0.077858,-0.59268,-0.15586
0.015124,-1.2627,-1.4461,-0.65278,-1.7266,0.021413,-1.4085,0.00041201
0.3194,-0.45181,0.32552,0.69397,-0.5706,-0.88199,1.2271,1.7232
0.82344,-0.46257,-0.97971,-0.019519,0.1668,-0.88317,1.7171,-0.86587
1.3822,-0.35148,-1.0072,-0.087885,-1.2208,-0.83543,1.103,-0.69578
1.0544,0.31464,-0.47555,0.037159,0.66059,1.1922,0.57036,1.6917
-0.9896,0.76476,0.77059,0.48735,-0.28537,0.86368,-0.36781,-1.1287
-0.63002,-0.21039,-0.11477,-0.74051,-1.6098,-0.39274,-1.5005,1.0217
0.55021,0.18483,-0.66109,0.18136,-1.0769,0.39595,0.57393,-1.4041
0.76032,-0.61439,1.4044,-0.07925,-0.15744,-0.63835,1.5952,-0.50188
1.4957,0.00038013,-0.38314,0.42004,0.96834,-0.40871,-1.1809,-1.2282
-0.40072,-0.81,1.1617,1.1297,-0.36124,1.0758,-1.4826,-0.71303
-1.6816,0.90074,1.0628,-0.36887,0.33013,-1.6403,-1.4165,1.6596
1.222,-0.31582,1.7051,1.7293,0.26988,-0.63812,-0.88579,-0.47377
-0.14147,-1.1381,0.97066,0.99676,1.4831,-1.5317,0.71984,-1.251
1.488,-0.38517,-1.6605,0.51008,-0.50942,-1.486,0.25363,-1.0516
-1.0104,-1.3841,-1.1844,1.2804,-1.0361,-0.85115,1.0871,1.6575
0.85134,-0.78478,-0.89161,0.68207,0.24236,1.3334,-0.40957,0.92768
0.88787,-1.0054,0.52452,1.0196,-0.31959,-1.6965,-1.6364,0.67071
-1.4016,0.23918,-0.79221,1.7471,0.80114,-1.6952,0.092158,1.611
0.068318,-1.4738,-1.7287,0.3901,0.84204,-0.88417,0.83747,-1.4815
1.2446,0.19713,1.2525,0.37953,-0.39147,-1.2608,-1.6768,-0.32033
0.80126,-0.2291,0.88037,-0.60472,0.56805,1.5046,-1.246,-0.60396
1.0977,-1.3007,1.1793,-1.1773,0.49915,-0.69749,1.2882,0.86521
-1.7106,-0.16864,0.15153,0.057173,-0.0058453,0.59568,0.82838,1.2801
1.1233,-0.25192,-0.22425,-0.61266,0.7737,0.87687,0.60257,-1.1714
1.6011,-0.42948,-0.91684,0.43071,0.32289,0.60829,1.6818,1.2183
-0.56434,-0.081721,-0.93924,-1.096,-0.88903,0.087855,0.36244,0.54065
0.23951,-1.2187,0.6058,0.4958,1.5043,-0.18452,1.1689,-1.0424
-0.71976,-0.94007,-1.2534,-0.93154,-1.2263,-0.3438,-0.27739,-1.6573
-0.54169,0.39928,0.085033,0.68168,-0.026016,0.0029422,-0.20293,-0.098225
-1.1349,-0.9033,-0.1855,1.0297,-0.76787,0.88663,-0.28496,1.209
-0.46529,1.5435,-1.1459,1.0926,1.698,0.77923,0.51004,-1.48
-0.13102,1.079,1.2244,-0.5985,0.066281,-1.3168,-0.50723,1.4438
1.2177,0.8571,0.61224,-0.71809,-0.39648,-0.0024915,0.36543,0.44448
1.6192,0.012686,-1.2094,-0.69874,0.26002,-0.0021087,-1.1054,-1.3619
0.75105,1.7168,0.013166,1.6228,-0.97431,-0.62011,-0.32252,-0.96812
0.6527,-0.71686,1.5538,1.5341,-1.6499,-0.78323,1.2711,-0.072901
-1.2063,0.037381,-1.2259,1.6525,1.0095,-1.6582,0.63682,0.61288
-0.056968,1.662,-1.3786,-1.0882,-0.90871,0.63225,0.14493,-0.60435
1.338,-0.15192,-0.2592,-1.6624,-1.2019,0.61875,0.12248,-0.69962
1.596,-1.3767,-1.0941,-0.6873,1.0206,-0.55451,1.3636,-0.62715
-0.080482,-0.44619,-1.2617,1.715,-0.49553,-0.08142,-1.3985,1.5574
-1.7323,-0.030894,1.253,-1.5615,-0.57661,-0.91873,1.6952,-0.68754
0.043794,0.76831,1.5275,-0.52974,0.93621,-0.86124,-0.95315,0.25288
0.50297,1.7434,0.94306,0.41334,1.7049,0.67597,-1.3592,1.3739
-1.6976,-0.13939,0.84271,0.58381,-0.81105,0.51488,1.159,0.43958
0.65388,0.19283,-1.0068,0.5056,0.25158,-1.0014,0.87719,0.099461
-1.0329,1.4402,0.37389,-0.75292,1.5509,1.4709,1.5554,0.40037
-0.84722,-0.17908,-1.1916,-0.66345,1.1869,-1.0078,0.27821,1.1635
-0.12685,0.89013,1.192,-0.85858,-1.128,0.75718,-1.6806,1.1061
1.4316,-1.1799,-0.32035,0.53031,1.2293,1.4531,1.3679,1.4016
-1.2995,1.1747,-1.5682,-1.2017,-0.64448,-1.434,0.61776,-0.87522
-0.98446,-1.631,-0.33852,0.31727,0.30375,0.93305,-0.36701,1.171
1.442,-0.040275,-0.0572,0.28531,-0.2298,0.89951,1.1823,0.77185
0.039768,-1.6754,0.41141,0.58303,0.38543,0.25921,-1.4982,0.93365
-0.36992,-1.1158,0.64645,0.26664,-1.3601,-0.69925,0.0062164,-0.33058
-0.50601,-0.46974,1.5002,-0.21931,-0.99922,0.98672,-0.33129,-1.4352
0.075734,0.21741,0.78848,-1.434,-1.5064,-1.2158,-1.2758,0.79833
1.4857,1.1458,-1.2129,-1.2202,-0.00086729,1.3799,0.30595,-0.61705
0.39234,-1.5779,-0.62725,1.3189,-1.0761,-1.366,0.5612,-1.67
-0.39148,1.136,-0.69676,0.47368,0.022232,-0.17491,0.5588,0.94409
-0.41471,-1.7193,-0.2255,-0.75136,-0.45669,-1.0532,0.46381,0.1703
-0.45441,1.08,1.6177,-1.4314,-0.1338,0.30728,-1.4829,-0.73491
-0.9741,0.20054,1.464,-1.0441,-0.7487,0.74921,-0.6219,-0.21636
-0.6992,-0.096564,0.063545,-1.0207,-1.6649,-1.6046,1.1718,-1.2242
0.97969,-1.4175,0.50272,-0.89934,-0.25888,-1.0753,-0.38847,0.76964
1.6319,0.015654,-0.12444,1.609,0.63805,-1.2275,1.6997,-0.92257
1.6673,1.3395,0.015233,-1.4816,0.77016,1.2529,-1.3655,0.94988
0.46268,1.2697,1.1619,-1.679,-0.94214,1.4551,0.76553,0.32407
0.66758,-1.5427,0.45552,1.6832,-1.5375,1.006,1.6453,-1.0747
0.76752,1.5074,1.398,-1.2391,0.36133,0.60649,-0.38971,-0.59488
-0.41251,1.7356,1.435,0.45777,0.63016,0.45037,-0.20531,-0.56133
0.31723,1.0329,0.90538,0.86165,-1.5908,1.6343,-1.6715,1.4018
0.38763,-0.36301,-0.19063,0.89492,-1.0605,-1.652,1.0164,1.0627
1.2868,-1.7128,0.86899,-0.73076,-1.3702,1.039,-0.80266,0.5973
-0.24775,-1.4791,-1.3813,-1.0955,0.62168,-1.6247,1.6609,0.2782
-1.1566,1.238,-0.40051,0.81401,0.44729,-1.3941,1.1158,-0.63014
-0.57412,0.38786,0.70461,-0.65985,-0.70209,0.59422,-1.5297,0.88278
1.2815,-0.078062,1.4103,-1.346,-0.71012,-0.4227,-0.8024,0.75572
0.63654,0.6544,-1.5351,-0.18434,-0.40716,-0.86834,-1.2944,0.95938
1.224,-1.3375,0.035107,-0.83024,-0.20878,-1.407,1.6953,-1.2739
-0.95633,0.10488,-0.56705,1.5718,0.61667,0.35223,1.4325,0.80314
-1.6605,-0.24465,1.6379,-0.50011,0.46119,1.4821,-1.3789,-1.2446
0.76809,0.027945,1.2199,1.4823,-1.1201,1.5712,0.53159,-0.68342
-0.31078,-1.6416,-1.2073,1.0623,-0.055229,-1.2052,1.5575,1.5324
-0.49184,0.95236,-0.54347,0.36108,0.11118,-0.44883,0.78914,-1.046
-1.6958,-1.7081,-0.055243,-0.32834,0.86306,-1.4684,-0.27542,0.46881
0.13081,-1.2777,-1.7164,-1.2814,-0.7833,0.32551,0.56556,-0.55396
0.88543,-0.29112,1.6118,1.2457,-0.26272,1.6373,1.625,0.83402
1.5183,0.20841,-0.46698,0.10113,0.020402,-0.24111,0.2185,1.5273
1.3814,-0.58005,1.5844,1.0689,1.3691,-0.38855,-0.20289,1.1531
-0.4423,0.29058,0.54636,0.70327,1.2838,1.327,-0.17517,-0.20678
-0.71942,-0.10739,-0.27557,-0.92642,1.0771,0.62586,1.4104,-0.9942
0.93967,-1.0335,0.28377,0.037052,-0.26574,-0.18971,-1.3971,-1.4921
1.4447,-0.75145,-1.4722,0.97394,-0.50217,0.25555,-0.84908,-1.0493
-1.4676,1.5755,1.2216,1.6768,-0.6095,-0.60145,0.86773,-1.2544
-1.4074,1.0422,-1.4233,-0.2842,-0.78281,-1.4218,1.1819,1.4026
-0.15179,-0.60194,-0.92312,1.4268,-1.2005,-0.86659,-0.19872,1.5645
0.85209,0.82905,1.5699,1.4528,-0.65469,0.81136,-0.67491,1.3117
-0.21176,0.73589,0.95512,-0.54543,1.155,-0.90321,1.3126,-0.36356
-0.054445,0.53035,-0.75125,0.59332,1.6222,1.468,0.86827,0.96948
-0.91137,0.98909,0.025307,0.64961,0.60432,0.030181,-0.69425,-0.13273
-0.36518,1.2976,1.0694,1.5911,1.0946,-0.15499,1.6604,-1.7023
0.043547,-1.6223,-1.5916,0.092926,1.3088,0.032571,-0.39056,1.1254
0.27971,0.0048324,1.1952,-0.011425,0.84749,0.69625,-0.011694,-1.5409
0.084237,0.60896,-0.28324,0.33411,0.80264,0.39539,-0.46069,0.61309
0.90853,-0.19263,-1.5035,-0.77832,-1.6356,-0.39812,-0.89803,0.91092
-0.35141,-1.5155,-0.59571,0.13865,-0.25012,-0.79382,0.91892,1.6775
0.042383,1.1495,-0.76053,-1.5318,-1.6301,0.094132,0.73757,0.22161
-0.84941,-1.0214,-0.66174,-1.1176,-1.4449,0.70911,1.27,0.14622
-0.99867,-0.92625,-0.058197,0.085615,-0.84333,-1.3613,0.020555,0.56244
-0.50641,-0.62049,0.57764,-1.0548,0.26004,0.0099995,-1.7137,-0.87673
0.4022,1.2469,-0.58756,0.80446,1.1352,-0.050961,-0.41216,0.77193
-1.6626,1.2959,0.44048,0.45392,1.6434,0.076527,-0.70904,1.3148
-0.33773,-1.1415,-0.47842,0.072908,-0.55256,0.58918,1.039,1.1812
-0.8642,0.011245,0.3628,0.81016,1.4815,1.3063,1.6615,-0.93674
0.95409,0.30517,1.4867,0.041459,0.92212,0.9675,1.6061,-0.7931
0.58444,1.6393,0.39267,-1.241,1.6735,-1.1511,-0.14977,-0.82519
0.098071,-0.83713,0.23001,0.62799,-0.8496,0.08217,-0.79996,-0.10752
1.5648,0.53484,1.3995,1.2923,1.3566,0.46793,0.21535,-0.55984
0.54167,-0.74927,0.82434,1.1239,-0.96432,1.0215,0.066712,-0.8179
-0.87347,0.76804,-0.19967,-1.351,1.6568,1.3302,-1.3743,0.85195
1.2328,1.2805,1.0164,-1.5756,-1.4034,-1.15,0.23142,-0.8233
0.7836,-1.0159,-1.345,-1.6989,1.0881,0.39912,-0.13217,0.81815
-0.42161,-1.2045,1.2804,-0.39098,-1.5736,-1.6874,0.024831,1.073
0.12665,0.73654,0.46425,-0.20926,-0.6909,-0.0022406,-0.69531,0.34589
0.4843,-1.5825,0.33387,0.33624,0.64731,0.60355,-0.086563,0.86691
1.3733,0.30751,-0.40906,1.4452,-0.35931,0.10603,-0.30955,0.96481
-1.5026,1.1042,1.3687,-0.81535,-1.59,-0.084868,1.0118,-0.1136
-0.57689,0.56165,0.15449,-1.5121,-1.3565,0.28238,-0.88131,0.77256
1.6478,-1.7295,-1.0164,-0.03281,0.67312,-1.0727,0.95925,0.4549
-1.0265,0.7183,0.47166,-1.2843,1.4059,-0.37222,1.1232,0.80925
-1.7231,-1.7324,-1.5307,1.0562,0.9282,0.29776,-1.387,0.86609
-0.56829,0.66491,-1.6927,1.3167,-0.90197,0.12981,0.47062,1.2031
1.0938,-0.72287,-0.84404,-1.7215,0.93088,0.92108,-1.2301,-0.1584
-0.14767,0.15482,1.4547,1.3051,-0.35367,-1.5562,0.08027,1.1736
0.59601,-0.058606,-0.45194,-0.32749,1.1443,-0.28284,-1.3341,-1.3013
-0.27057,-0.74653,1.3073,0.233,-0.54722,0.81656,0.52779,0.43195
0.85771,-0.28229,-1.3239,-1.4188,0.93468,-1.4798,-1.2505,1.5314
-0.45428,-0.60243,0.51591,0.10499,0.035879,-1.1151,0.19358,0.075063
1.6463,-1.7069,0.97212,1.4725,0.50766,1.1671,0.065391,1.6663
1.4985,1.1297,0.54765,-0.23791,0.30696,0.2279,0.63312,1.5541
-0.88463,0.53782,0.37419,-0.96922,0.60662,-1.586,0.53628,1.7032
1.5961,-0.84514,0.51881,0.27049,1.3918,-1.159,1.7005,0.028999
-1.5065,1.1225,0.16978,-0.2039,-0.55644,-0.67385,0.0088024,0.46838
-1.1838,0.22649,-0.81342,-1.477,-0.19137,-0.81312,-0.93783,1.3145
-1.0408,-0.86333,0.38912,-1.7194,-0.075701,0.9297,0.8053,-0.38855
-1.0369,-1.0903,0.26491,-1.6516,1.2782,-0.76187,-0.75787,0.37441
-0.90359,0.84672,-0.47392,-1.4179,-1.5439,-0.98181,-0.9195,-1.6902
0.68262,-1.3987,-1.6774,-1.5525,1.4863,0.98008,1.1714,1.2105
-0.2621,0.47755,0.16848,-0.065357,-0.9799,-0.61943,0.41404,1.2368
-0.84364,-0.88173,-1.7407,1.6909,0.11723,0.57491,0.63836,-0.88614
1.4006,-0.28754,0.48365,0.47385,-0.88082,1.0402,-1.033,-1.7174
1.5114,0.057263,0.98657,1.2162,-0.42269,1.3708,1.6243,-1.3883
1.6971,1.2908,-1.4525,1.6764,0.062508,-0.29333,-0.22291,0.081548
1.5586,-0.6053,0.94914,0.61491,1.5655,-0.012075,0.25233,-0.48038
-1.5207,0.018415,0.64527,-1.2177,1.2947,-0.38837,1.177,0.7786
0.85078,1.6432,-0.066278,-1.5384,-0.81149,0.49229,-0.89917,0.10213
-1.2275,0.61801,-0.25203,1.3155,1.4559,-0.65749,-1.1266,-1.0536
-1.3215,0.50802,-0.050904,1.5994,-0.41982,-0.21361,-1.243,-1.049
1.5446,0.20217,1.0985,-0.62553,-1.2744,1.6964,-0.1379,-0.46454
-1.4978,-1.1585,-0.66082,-0.4197,-0.73834,0.74683,1.5065,-0.91426
-1.6909,-0.246,0.52324,1.6861,1.2226,1.6576,-1.2498,1.4937
-1.437,-0.32698,0.88415,0.69367,-0.37955,1.5908,-0.49475,-0.26891
0.9333,0.75144,0.31455,0.96465,-0.062634,-0.32972,-0.65703,-1.0587
0.02327,1.3113,-1.0407,0.66245,1.0609,0.77001,0.92411,1.7035
0.51517,-0.23637,0.49345,-0.24385,-0.89727,0.74834,-1.1152,0.39803
1.2408,-0.68478,1.1935,0.36554,0.070258,-1.4413,-0.50512,0.77453
0.2022,1.4135,-0.85347,0.92102,-1.1581,-1.4157,1.0889,1.6312
-1.3145,-1.6291,1.4872,-1.4268,-1.2206,-0.48713,0.1431,-0.88524
-0.21396,-0.38669,-1.2084,-1.4804,-1.4563,1.1084,-1.7149,0.93167
-0.25898,-1.4855,0.011583,0.91511,0.38793,1.0297,0.25286,-1.53
-0.70918,0.39974,-1.4008,1.6203,-0.44433,1.2682,-0.56342,0.67247
-0.056436,0.73942,-1.5386,0.6357,1.5993,0.73342,-0.46076,1.2369
1.4628,0.18348,1.0355,0.085783,-0.75916,1.1309,-1.6647,-0.44304
0.22091,0.80035,-0.1744,1.4391,0.15755,0.58263,-0.20661,-0.26313
-0.44631,-0.57575,-1.5072,0.058532,-1.4627,-1.249,0.85583,-1.0675
1.6182,-1.5589,-0.70605,1.1061,-0.72855,-0.59916,0.61458,-0.72843
0.29462,-0.90203,-0.19799,-0.17846,-1.5792,0.39045,1.6151,-0.081423
-0.35,1.288,-1.2229,-0.25617,-1.5461,0.44411,-1.1246,0.57107
1.2589,0.89561,0.97217,0.74262,-1.4151,-0.059989,1.6233,-1.2328
-1.4463,0.71046,-1.2217,1.0563,0.093941,-0.13756,-0.13757,-0.95959
0.661,1.366,-0.9191,0.33271,-0.35622,0.90771,-1.0032,1.3948
1.1597,-0.63272,-0.52849,-1.7234,-1.0859,1.7185,-0.0076161,0.14541
-0.68835,1.6755,-0.89933,-0.014295,1.6797,-1.5034,1.5316,-1.6359
0.57213,-0.73395,0.15445,-0.35643,1.6929,0.52513,0.65311,0.51154
-1.2715,0.23835,1.0511,1.0506,-0.51427,-1.2856,0.79932,-1.1804
-0.56979,-0.59598,0.1447,1.7174,0.54589,0.81592,0.44465,-0.58184
1.0624,1.5254,0.022827,0.045786,-0.95902,1.115,1.3402,0.47045
0.25682,-1.4422,-0.75202,0.54747,-0.51547,1.3083,-0.29505,-1.2867
0.88704,0.21587,-0.1607,-0.039498,-1.2282,-1.1011,1.0552,-0.46106
0.34376,1.385,-1.6264,-0.88721,-1.6395,1.6834,1.0528,-1.5143
-0.22589,-0.16626,-1.7648,-0.5827,-1.2734,-1.0127,-0.9869,1.4501
-0.58985,-1.3401,0.42789,1.4309,1.4535,-0.68169,0.59647,1.5773
0.94043,0.31122,0.94333,0.18667,0.030518,-0.67094,0.45015,0.29886
-1.5534,1.019,-0.81509,-0.91044,0.85391,0.42029,-0.85145,1.0269
1.1578,-0.63022,0.19325,0.28801,0.21331,-1.6,0.14836,1.7007
-0.77394,0.7957,-1.0337,1.2212,0.8414,0.89308,1.5554,1.174
1.4164,-1.4517,1.3541,1.2333,-0.83362,-0.084843,1.6064,1.3155
-0.050212,0.2664,1.2787,-0.25922,-1.1605,1.4314,0.92119,-0.047324
-0.15777,0.35602,-0.33342,-0.84293,0.18929,-1.5469,0.82724,0.54871
-1.7186,-1.1097,0.52686,1.2275,0.5564,-0.22145,0.27696,0.60908
-0.49347,0.54296,-1.6254,1.4745,1.6527,-0.033645,-0.47468,0.21717
-0.45297,0.72436,0.25848,1.6613,0.019019,-1.1047,0.66657,-0.22695
0.1151,-0.0085957,1.6367,0.18325,-1.6907,0.94939,1.004,-0.01829
0.66513,-1.4553,-1.7096,-0.59409,-0.51565,-1.4782,-0.80748,0.9301
-0.61506,1.3939,-1.6525,-0.45473,1.5199,0.52687,0.11998,0.70312
-1.1045,0.25655,-1.5318,-0.70264,0.85457,0.9224,1.2815,-0.19188
1.4399,-1.0567,0.66875,0.23212,0.82533,0.99137,0.29618,-0.69921
1.4909,0.017268,-1.4248,1.241,1.3481,-1.2185,1.3684,0.50831
0.91212,0.036534,0.83111,-0.4452,0.080569,-0.66775,-0.46747,1.352
1.6287,0.58575,-0.49609,-0.2696,1.4749,-0.50016,-1.2191,-0.82526
-0.40237,-0.047214,-1.0211,0.3584,-0.55343,0.48895,-1.1476,1.2366
1.532,0.20922,0.015086,0.79249,-0.94912,1.7228,-0.93685,-0.36443
0.89058,1.0111,1.6864,-1.5819,0.68393,1.0577,0.83662,0.26445
-0.25274,-1.6554,1.2348,-0.22618,0.18068,-0.23047,1.5033,1.4041
-1.2818,-0.20476,0.13546,-1.247,1.5289,-0.049209,-0.18923,-0.16232
-1.7196,0.5694,0.38895,-0.83715,1.695,1.0859,0.35225,0.21378
-0.92652,-1.2655,1.1704,1.4921,-1.687,-0.73677,0.86795,-0.54654
-0.5343,0.56359,0.31042,1.2313,1.3002,-1.6941,0.55496,0.75042
-0.4039,1.072,-0.9814,-0.68484,-1.1992,-1.0926,1.0037,-1.4708
0.1664,1.317,-1.0226,-0.75184,0.13537,1.4885,-0.38795,-0.89899
-0.68799,-0.75632,1.1931,1.7008,-0.86355,-1.5269,0.02888,-0.86732
0.22176,0.53026,-1.6894,-1.1707,0.47281,1.3177,-1.3822,0.83487
-1.2248,-0.03214,-0.85272,-0.60165,-0.35777,0.040068,-0.20789,-1.3777
1.4714,-0.58545,0.63731,-1.3122,-1.6519,-0.02917,-0.5264,1.2316
-0.93079,-0.8097,0.52342,0.59692,-0.13404,-0.98602,0.23305,-0.61435
-1.2166,0.95737,-1.6649,0.62732,0.029963,-0.9744,1.3412,0.93649
-1.4995,-1.5742,0.13671,-1.073,-0.46637,-0.80485,0.89529,0.18908
1.3061,-0.61225,-1.2942,1.6475,0.76098,1.2944,0.064534,-0.84196
-1.6,1.2945,0.54339,0.357,0.90459,-0.95989,0.43959,0.78475
1.3233,0.99914,-1.1885,0.14809,0.59143,1.5495,0.0015187,0.97923
-1.3811,-1.6171,0.83176,-1.6635,1.6693,-0.40412,0.61291,0.2603
-1.6724,0.63274,-0.02253,-0.44626,0.51206,-0.2688,-1.4889,0.0034101
0.41068,-0.26321,1.2432,0.020861,-1.6601,-0.57598,-0.42822,0.32043
-0.78735,1.2536,-1.4216,-1.3059,-0.85194,0.74281,1.4586,-0.32561
1.4953,-1.2126,0.72705,1.3027,-0.35352,-0.1512,-0.26417,-1.22
-0.96314,0.941,1.0877,-1.5954,1.4702,0.78556,-1.2819,-1.6155
0.64294,1.1351,0.073098,1.0771,-1.3317,0.48919,0.13663,1.466
1.5128,-0.19565,0.62823,-0.22514,0.61956,0.53535,-0.28711,-0.2517
0.43754,-1.0931,0.11428,0.5083,1.1001,1.463,0.7715,-1.1555
-1.2315,0.35968,0.70188,-1.1244,1.1533,-0.96604,-1.3451,0.65036
1.2074,1.5416,-1.3105,0.67701,-1.0103,-0.026155,1.028,-0.53738
-1.1157,0.40636,-0.64269,1.2465,-1.5873,-1.4614,-0.76086,1.7293
1.2726,-0.23298,-1.5104,0.013783,-1.1235,-0.65612,1.412,-0.76445
-1.3269,-1.1135,1.513,0.1853,0.94517,-1.5817,-0.19796,-0.3554
-0.89445,-0.063609,-0.77253,-0.38924,-1.4286,-0.064998,1.454,1.555
-0.93759,-0.66358,-0.71065,0.77178,1.6174,-0.24036,-0.07515,-1.0612
1.6914,0.37816,0.3669,0.15168,-1.0874,1.302,0.78831,-0.23439
-0.95385,0.42243,-0.06432,1.4497,-1.0797,1.1137,-1.4755,1.3045
-1.6146,-1.2999,-0.10331,1.0777,-0.25069,1.6888,-0.9066,0.51032
-0.34067,0.38024,-1.2718,1.6159,1.1953,-0.097977,-0.75422,1.6995
-0.67314,-1.3643,-0.35128,1.2627,-0.59649,1.3185,-1.4507,0.030452
-0.010036,1.1842,-0.66575,0.15591,0.61668,-0.37659,-1.2121,1.2899
-1.2047,-1.2055,-0.81115,0.21908,-0.10733,0.11658,1.0547,-0.10633
-1.7055,-0.39668,-1.208,-0.31296,-1.4281,0.35908,-0.37395,-1.2672
-0.19524,0.55849,-0.61959,0.97073,1.3615,1.6499,-0.052804,-0.14653
1.4047,1.1033,-0.93051,0.23545,0.72519,-1.0558,-0.89448,-0.9751
1.55,-0.83379,-1.6414,1.5964,1.4315,-0.23013,-0.42093,-1.3028
-0.37197,0.75135,1.6197,1.3229,-1.4496,-1.2756,1.1055,1.1424
0.38219,0.67161,-0.51721,0.49897,-1.4708,-1.261,1.2936,0.20152
1.1469,-1.0224,-1.6958,-1.4191,-1.3715,0.81224,0.40425,0.061774
0.44199,0.67946,-0.54024,0.59779,0.41696,-0.82409,-0.91653,1.7108
1.2885,-0.85895,0.74003,1.0453,0.59411,-0.78637,1.6709,1.4991
-0.94572,-0.15789,1.467,1.3352,-0.51044,0.91757,0.53208,-1.0106
-0.71154,-0.49899,-1.2627,-1.6975,0.82982,0.10614,1.0697,0.25685
1.6102,-0.65234,-1.5416,-1.6902,1.1688,-0.47998,1.5072,-0.75563
1.0561,1.1415,0.89676,1.0278,0.39078,-1.5283,0.23022,1.21
1.0098,-1.4657,0.81345,-1.1323,0.53787,1.5135,0.36363,0.35601
-0.16683,0.7837,-1.1793,-0.87661,0.88006,-1.4064,-0.033117,-0.30202
0.25053,1.3616,1.4985,1.016,-0.66114,0.12167,-0.35747,0.12867
1.4197,1.5893,1.521,-0.55567,-0.7458,0.97576,-0.047247,-0.93918
0.52884,-1.6239,1.0015,0.12897,0.71293,1.1738,-0.084762,-0.024317
-0.74638,1.6054,0.87305,-0.89256,0.21448,-1.3683,-0.13047,1.3404
0.43841,0.15632,0.047182,-1.3714,-0.62545,0.95358,1.6371,0.76605
0.10892,0.43716,0.49993,-1.716,-0.98227,-1.2479,0.75779,0.20097
0.73317,-1.0839,-1.2404,-0.65691,-0.087079,-0.65267,0.8924,-1.4657
0.78951,-1.1045,-1.4492,-1.0303,-1.0026,1.3659,0.48217,-1.3905
-0.27744,0.87897,0.73411,-0.24487,1.1828,-0.2177,-1.5786,-0.4091
-1.4751,1.3877,-0.54459,1.7488,1.2957,0.67197,1.1576,1.1572
1.2544,0.76859,-1.3119,-1.3485,0.52178,0.31585,-0.93427,-0.69465
1.48,0.25709,-1.6989,0.65098,-1.2835,1.167,-0.72286,-1.3631
0.34321,0.057646,0.56452,0.10307,0.99321,-1.4404,-1.3198,0.3605
1.4137,0.96781,0.73833,-1.322,1.2313,1.1436,0.1131,1.2138
0.29412,0.69881,-0.5999,1.3257,0.63451,1.0844,1.7119,0.96368
-1.5838,0.47199,0.42624,1.6151,-1.5965,-0.65879,1.1022,-1.5887
0.2971,-1.3385,0.93937,-1.2194,0.16957,1.1614,1.6947,0.65548
-1.506,-0.40141,0.9984,0.6236,0.60929,-0.45302,-1.5286,-1.2064
1.1451,-0.61874,1.7167,1.7335,0.017012,1.5891,-1.0889,-0.19779
0.67365,0.44398,-0.55519,-0.51929,1.7104,0.7838,1.029,-0.033576
-1.1858,-0.65034,1.0755,-0.58574,1.014,0.52305,0.50366,0.1948
-1.3811,-0.65404,-1.2338,0.1012,-0.77564,-1.4548,0.6377,-0.53855
0.74037,-0.82858,1.1545,-1.5965,-0.062094,-0.6521,-0.34294,1.4067
-1.0124,-0.46374,0.71779,0.56475,-0.3697,1.1789,0.59801,1.6357
1.1718,0.86156,0.86923,-0.19735,-1.078,0.58725,0.38499,-0.091795
-0.64994,-0.59416,-0.13641,1.1809,-1.7072,0.64529,-1.3592,1.578
1.0277,-1.14,0.38401,-1.4068,-0.35399,0.46367,-0.11064,-0.77897
0.56193,0.33353,1.5354,-1.4952,-0.8319,1.5575,1.64,-1.6841
-0.18273,-0.43092,-0.4543,-1.5659,-0.35718,0.58131,1.2907,1.6582
-1.5054,1.2553,-0.21512,0.063892,-1.4446,1.5688,0.38295,-1.713
-0.26176,-1.7185,-1.0144,0.23657,-0.8965,-1.6815,0.47187,1.5738
-0.45414,0.47799,-1.2565,-0.88265,-1.034,-0.89945,1.5848,-0.92846
1.3475,0.33953,-0.9176,0.86866,0.40684,0.45498,0.0030248,0.2651
1.1986,0.84165,1.2067,0.4759,-0.24489,1.3607,-1.6538,0.60756
-0.52409,1.0732,-0.34616,1.5797,1.4168,1.429,-0.74065,-0.79559
0.99963,-0.25915,1.1884,0.089921,0.80734,0.42937,0.98127,-1.473
1.1968,1.1438,1.5429,-1.6554,1.5141,-0.64543,-0.55887,-0.15549
0.43894,-1.0288,0.42708,-0.4706,0.80466,-0.25944,-0.51581,1.4885
-0.31707,-0.44208,0.16586,0.53128,0.064522,-0.86429,0.96485,0.26446
1.0383,-0.12606,0.055606,1.635,-1.1271,-1.6687,1.3747,-1.1637
1.7139,1.2253,1.6574,0.3014,-1.6618,-1.0676,0.48651,1.1704
1.235,1.1866,-1.5163,0.8723,-1.0359,-0.73727,-0.39246,-0.29821
-1.0219,0.31699,-0.277,-0.23774,-1.4066,0.19612,-0.31788,0.0056286
-0.16105,-1.7129,0.59556,-0.176,0.97423,-0.97033,0.42632,0.67766
-0.8466,0.060223,1.5638,-0.05751,-1.537,0.24848,0.66347,0.94728
1.5617,-0.69158,-0.13257,1.1262,0.39216,-0.85164,-1.1232,-0.94999
0.54673,0.8356,0.40162,-1.4496,1.2961,0.46164,0.11629,-0.60412
-0.45098,-0.45655,0.29311,-1.2022,-0.22317,-1.1147,1.409,-0.5841
1.5387,1.2975,0.36978,-0.23338,-1.6466,0.68591,0.066663,-0.1276
-0.95112,0.25608,-0.50377,0.20251,1.3137,0.89751,1.3491,0.12957
1.056,-0.49121,1.2006,-0.41913,0.9153,0.22061,-0.2025,-1.5632
-0.21349,-0.32978,0.96185,1.486,-0.39354,1.2424,0.70666,0.78476
1.4445,-1.2723,-0.13365,-0.71344,-0.71833,1.4732,-0.66812,1.3457
0.33138,1.4224,1.516,-0.74208,0.71932,1.6708,-0.18821,0.98579
1.1629,0.03525,-0.8095,0.25889,-1.3435,0.67206,1.3332,-1.3567
-0.48994,-0.66223,-0.40399,0.90037,0.48389,-0.49722,0.70952,-0.3653
-0.10714,-0.84871,0.6608,-0.1596,1.0519,-0.070865,0.88788,-0.43241
-1.5311,-1.7206,0.76262,-1.6493,-0.94579,-1.6852,-0.1494,-0.41932
0.74882,0.37241,-1.0103,-0.20046,0.18397,0.54709,-1.644,0.41496
0.086985,-1.4225,-1.489,-1.0307,0.20905,1.2584,0.20235,1.1101
0.3751,-0.25218,-1.4281,1.4155,1.3993,0.36815,-0.83036,-0.75788
0.24679,-0.013384,0.65195,1.2414,0.26885,0.98938,1.3135,0.24831
0.42998,1.2029,1.3667,1.2148,-0.81329,0.59837,-0.18995,-0.6384
1.1391,0.32913,-0.83194,-1.2547,1.1901,0.22993,-1.1669,-0.80873
-0.53399,1.6142,0.84207,0.64923,0.29402,0.33179,0.3889,-0.154
0.71683,-1.3359,-0.48126,-1.2037,0.97055,-1.185,-1.1878,-1.2291
0.30061,-1.1812,0.46847,0.89543,-1.3779,0.22447,-1.5784,-0.60609
1.2669,0.93817,0.044105,1.6219,1.6119,0.95518,-1.0326,-0.086451
-1.2081,1.4141,1.6052,-0.70366,0.26122,-1.5553,-1.2062,1.0424
-1.5401,1.2641,0.73981,1.3301,0.069655,-0.38998,0.0099784,-1.181
-0.76532,0.035285,-0.43948,-1.647,-1.018,-0.93986,1.3709,1.5371
-0.42503,-1.1538,-1.49,-0.76689,0.5195,0.51938,1.1524,-1.0436
1.6541,-0.96432,-1.4266,-1.3076,-1.4012,-1.1797,1.7057,-1.134
-0.48834,1.3174,1.4636,1.654,-1.6046,-0.52254,0.52259,-1.1032
-0.93495,1.4279,0.96366,-0.75367,0.63884,1.6703,0.22927,1.5787
-1.1895,1.4056,-1.5672,0.109,1.639,0.19086,-0.66582,0.69205
0.97647,0.11456,-0.42878,-1.6424,0.83873,-1.2538,1.5135,0.094527
0.034638,0.98659,0.11514,1.5295,0.11043,-0.87398,-0.21008,0.60663
0.70996,1.2002,1.2872,-0.78704,0.63259,-1.0564,-0.099481,1.7309
1.1557,0.848,-1.3972,-1.3139,-1.696,0.99751,1.3156,1.0636
-1.1993,-0.66418,1.574,1.1671,0.29665,-1.5805,1.4054,-0.11906
1.6256,-0.14186,-0.18682,1.0516,1.571,-1.6234,-0.20622,-0.54351
-0.37406,-1.5446,-0.33272,-0.84892,0.66749,0.79291,-0.73968,-0.27098
0.88207,-0.0083135,-1.5634,0.021322,-1.3124,0.1676,0.045612,-0.049409
0.82825,0.023437,1.0302,0.63716,0.20487,0.51534,1.1708,-0.76924
-1.6586,-1.663,1.5382,0.32479,-0.71975,0.082537,0.43824,-0.65419
1.173,0.67802,0.14098,-0.76706,0.22134,-0.17006,0.76723,1.5529
-1.5355,1.2305,-1.4748,0.96289,1.1515,0.019667,1.6253,1.4358
1.0486,-0.17995,-1.1275,-1.3152,0.82695,-0.069262,0.33385,-0.22093
0.96466,-0.86757,-0.49051,1.4741,-1.2677,-1.2714,-0.69437,-0.43327
-1.405,1.1882,-1.348,0.28876,-0.90744,1.2853,-0.91104,0.28604
-1.6752,-0.88669,-0.17791,-0.58619,-1.3134,-1.3288,0.082389,0.49751
0.1409,-0.67176,0.33564,1.7255,-1.3506,-0.10815,-1.091,1.2101
0.37472,-0.37432,-0.96465,1.5481,-1.0499,-1.0138,0.11067,-0.90216
0.011783,0.032451,1.1397,0.3581,-1.1428,-0.049984,-1.5691,1.2061
1.0711,-0.96423,-0.86719,-0.46092,-1.6248,1.3315,-1.3371,-0.99002
-1.2155,0.6917,1.0416,0.082278,0.90307,-1.3182,-0.97929,-0.44256
-0.034682,0.89579,1.5849,-1.575,-1.6641,-0.53398,-0.45234,0.86688
-1.1946,1.4165,0.22303,1.1405,-0.31535,1.472,-1.243,-1.5127
0.87882,0.59051,0.36378,-1.3727,-0.61356,0.0038322,0.39269,0.44526
1.4421,0.45975,1.1914,-1.5756,1.6955,0.46515,-0.31992,-0.94976
1.4918,0.95232,1.0443,-1.2564,-0.54716,0.18208,1.6618,1.01
0.13353,-0.96227,1.5788,0.37962,0.45565,0.8772,1.1147,1.0961
1.0038,0.37566,0.10417,-0.80354,1.1812,0.7988,0.29202,0.18356
0.25696,1.5842,0.37025,-1.0106,0.56798,-1.2023,0.52653,-1.0635
-1.1449,-0.055574,0.76715,0.77616,-0.69476,1.2571,-1.3898,1.4111
0.47145,1.5261,0.18344,-1.2487,-0.89927,1.0315,-0.5836,-1.1194
1.6952,0.54853,-0.60171,-1.6028,1.0134,-0.31043,0.34528,0.22695
0.69689,-0.2613,0.70045,0.52554,-0.12779,-0.67133,1.628,-1.4979
-1.6579,-0.76908,-1.3365,-1.1744,-1.248,0.60677,-0.82277,-0.2437
-0.56576,-0.09081,0.12293,1.0815,0.87995,1.1057,1.0427,-0.78153
-0.9922,0.91914,1.4262,-0.69173,-0.34061,1.5833,-0.79904,-1.7115
-0.37424,0.59987,-1.0394,0.61114,-1.1666,-1.6963,0.45345,-0.13176
0.61201,1.4518,-1.6099,0.24327,0.034667,-1.5343,1.0504,-0.59939
-1.0245,1.0651,0.20794,0.056744,1.3018,-0.84216,-0.2432,0.13098
1.2525,0.30382,-0.062157,-0.98149,-0.39839,-1.5049,1.0903,1.618
0.13371,0.11217,-1.4588,0.66976,-1.2761,0.018443,0.51741,1.1844
-1.2458,0.6329,1.5634,-0.18853,-1.3261,-0.14835,-1.0114,1.0268
0.071743,0.65189,1.214,-0.86993,-0.26348,0.74856,0.50705,1.5624
0.55196,-0.96313,-0.64375,0.77148,0.58874,-0.5851,-1.5602,0.90166
-1.6509,1.5793,-0.23455,-0.89493,1.5425,0.18683,0.96239,0.40711
1.4717,0.47207,0.015496,1.4347,-1.3439,-0.027971,-0.98887,1.576
-0.41246,-1.5646,1.4043,-1.6457,1.5358,-1.0671,0.54149,1.3651
1.0163,1.1953,1.1588,-1.5194,0.33854,-1.1692,-1.25,-0.67179
0.48521,0.48249,1.7025,-0.66951,1.5777,-1.6072,-0.95737,-0.53261
0.48631,-0.56644,-1.6481,1.3224,-1.1218,0.10507,-0.95498,-0.013774
-1.0713,-0.99997,-0.19447,0.033545,-0.092429,0.069451,0.6794,-1.1002
0.033219,0.054208,-1.4552,-0.72374,-1.6755,0.53541,-1.4594,-1.525
0.61784,0.51714,0.12985,-1.1844,0.85234,-1.3093,-1.6653,-0.62418
-0.50253,-0.19855,-0.73779,-0.80725,-0.78828,1.6461,1.5138,-0.13232
1.2724,-0.54184,-0.9702,-1.4666,-1.7406,0.05748,-1.307,-1.2122
-1.3715,0.15221,1.0567,0.3111,1.5192,1.1059,-0.07213,1.2049
1.6752,-0.61768,1.1924,-1.0477,1.156,0.95845,0.11841,0.92875
1.1894,-1.0431,-0.91937,0.56624,-1.4706,1.1033,-1.4115,0.12479
-1.2548,0.43828,-1.2391,-0.65808,0.50709,1.3674,1.6694,-0.30369
-1.6884,0.18908,-1.6066,-1.1855,0.52084,1.6374,0.70205,-1.521
1.0635,-0.22736,-0.77288,-0.7916,1.0531,-1.2533,-0.013977,-0.48093
0.30147,1.4108,1.062,1.2722,-0.54276,1.6261,1.0073,-0.44674
-0.10795,-0.18847,0.65907,1.7601,-0.043039,-1.1705,1.5953,1.6533
1.3612,-1.5143,0.44621,-0.77809,0.64754,-1.5087,0.080834,-1.0007
0.30293,-1.6951,-0.98984,-1.0606,-0.36455,0.15987,0.69823,0.77583
1.6289,-0.27051,-0.17595,-1.0469,-1.6824,0.71779,0.54713,1.285
0.82134,-1.1298,0.032674,1.7576,-1.3511,0.13405,-0.78555,1.3814
-0.69236,-1.424,0.32926,1.0836,-1.2471,-1.686,-0.054301,1.2817
-0.6685,-0.92739,-1.3769,-0.5541,1.7136,-0.99209,0.63871,1.3364
-0.27776,0.031514,-0.098022,1.4593,-1.2259,0.17081,1.6263,-0.39475
1.4929,0.3834,0.94428,-1.0714,1.1314,-1.1577,-1.4695,1.247
-0.28636,-0.056355,-0.80734,1.4907,-1.044,-0.024085,0.0935,0.53046
-1.0769,1.645,0.52925,-1.6422,-0.39535,1.0973,-1.4165,1.6787
-0.43369,-0.4202,1.2428,0.3486,0.35724,0.48542,0.40801,-0.58988
-1.1376,0.59583,0.51489,-1.1298,-0.49867,0.87753,0.33366,0.85962
-0.26892,-0.36404,0.57434,-0.14359,-0.5548,1.6725,-0.61597,-1.5888
-1.4095,-0.22818,-1.3889,-0.10697,-1.1794,1.1993,-0.72981,-0.45448
0.77191,0.81848,0.99022,0.91104,-1.4812,1.5254,-1.3037,-0.16373
-1.2497,1.0861,-1.0745,-0.82845,0.15488,1.3224,1.3245,1.1703
-0.79339,1.4535,-0.41632,1.5013,0.87249,0.76955,0.92869,-0.21848
-0.71376,0.95129,-0.025456,0.78853,-0.79068,-0.88265,0.26971,1.4115
-1.5583,0.027663,-1.1251,-0.36001,-1.7267,1.2703,-0.43527,1.3655
1.0896,0.41341,-0.66375,1.3863,-1.5638,0.69139,-0.6633,0.2402
-0.98353,0.25814,-1.0913,-0.5045,-0.03048,0.45929,0.95801,1.2522
0.71847,-1.0845,1.7125,1.0184,0.53025,-1.472,1.2905,-0.97561
0.457,1.6288,0.59449,0.49354,-1.4437,-1.6544,0.29517,-1.4388
0.8858,0.05649,-0.11567,-0.051257,0.91974,-1.1665,-0.74405,-1.2486
0.066959,-1.4814,-0.17484,0.25801,0.42163,1.1834,-0.98738,-0.0041383
-0.25873,1.4894,0.89849,-1.3705,-0.37075,-1.2901,0.35067,0.74385
1.6876,0.048582,1.5575,-1.3737,0.90781,-1.3426,-1.6798,-1.2012
-1.7154,-1.3659,1.6861,-1.3294,-0.53558,-0.91537,-0.0015873,0.99845
1.4896,-1.09,-1.3011,-1.2034,-0.85255,1.481,-0.50631,1.7239
0.3965,-1.4951,-1.7052,1.0039,-1.5218,-1.566,-1.6404,0.93281
-0.013081,-0.11493,-1.321,-0.31135,-0.20659,-1.6282,1.3285,-1.0992
1.5466,-1.6107,-1.574,1.3799,-0.75883,-0.63703,1.5132,1.4594
1.5195,-0.81991,-1.2552,-0.37904,-1.1364,1.6596,-0.34255,-0.82747
0.97872,1.0742,0.075819,1.0411,1.1836,-0.91652,-1.0289,1.3814
-0.39997,-0.15721,1.0231,0.38978,-0.66922,1.0127,0.97023,-1.1574
-1.5634,-0.20148,0.41304,-0.91592,1.1572,0.24349,0.28622,0.79818
-1.372,-0.6476,1.1538,1.2673,1.4126,1.5154,0.25538,1.156
-1.4404,-1.6182,1.2763,1.1429,-0.11836,-1.3308,-0.36513,0.93569
-0.66781,-0.90501,-1.3353,0.26387,-0.31493,-1.2389,0.056594,1.0869
-0.95873,-1.7039,1.6223,0.40681,0.72187,0.31182,0.72324,1.461
-1.7439,-0.057812,1.2152,-0.60403,0.22937,1.5608,1.021,0.38216
0.84781,0.6049,1.1724,1.1243,-1.4513,1.5532,-1.2531,-0.65638
-1.2367,0.65705,1.301,1.6367,0.052734,0.12299,-0.93651,0.70868
-1.4898,0.31563,0.71759,1.0385,-0.14118,0.44702,-1.0126,-1.1989
-0.91716,-0.42408,-0.30908,1.4323,0.76606,-0.22461,0.96686,-0.1345
0.74359,0.55292,-0.54045,-0.11527,1.5975,-1.5737,1.1676,1.6111
-1.1956,-0.086289,-1.6806,0.80108,-0.39226,-1.3451,-1.7054,1.6844
1.7235,0.63802,0.46946,0.57469,-0.078264,-1.3827,1.6385,1.1998
-1.7459,0.93378,1.0076,-0.19688,-0.32254,1.6853,-1.3784,-0.91451
0.38954,-0.10697,0.33372,-0.76734,-0.5329,-1.3375,0.24498,0.56507
0.0069738,1.1588,0.094376,-0.32274,0.82389,0.94667,0.78552,1.0737
-1.2214,-0.1761,-1.2506,-1.0308,0.0070999,-0.42294,-1.4187,0.66507
1.6005,-0.58897,-0.038152,-1.4926,1.4545,1.2899,-0.092089,0.89236
-0.36686,0.20614,0.502,0.0067623,-1.428,-1.1111,0.22146,1.6549
-1.1281,-0.39297,0.522,-0.06035,0.19028,-0.19743,-0.59449,-1.5407
-0.87547,-0.70409,0.4553,0.8599,-1.2825,0.4204,1.124,-1.4085
0.51569,-0.12968,-0.55025,-0.22937,1.4022,0.5999,-0.97316,0.13083
0.69239,0.95589,1.3945,0.90787,-1.0714,1.6936,0.17016,-1.1893
-1.1318,-0.76941,-0.3241,1.7288,-0.16343,0.32768,1.6496,0.21901
-1.1561,-1.6004,0.076648,-0.7225,-1.7231,-1.0603,-1.0767,0.18847
1.6242,-0.2911,-0.10066,0.23888,-0.2128,1.6558,-1.2674,1.2613
-0.91464,0.26584,-1.0687,0.9625,-0.61162,-1.6588,-1.428,0.047499
-0.18589,0.070826,0.26223,0.77702,0.38814,0.0093323,-0.20209,-0.82349
0.36863,-0.67226,-1.4729,-1.0008,0.4639,-1.6303,1.315,0.39944
1.4962,-0.62739,-0.5626,0.39467,0.082031,1.6634,-1.6276,-1.5842
0.25361,-1.7228,-0.79449,1.0405,0.57612,0.48134,-1.2136,0.94448
-0.59599,0.28409,-0.20147,-0.58626,1.6977,1.526,1.2964,-0.8243
-0.093274,1.6555,1.2542,1.5589,0.51215,0.088228,-0.7397,-0.13156
0.048226,-0.42678,-1.2147,-0.74336,0.15359,-1.1865,1.5961,0.34877
1.6629,-0.037569,1.3464,-0.60299,1.1994,1.6633,-0.48807,0.66081
-1.187,-0.51825,1.2175,-0.25704,0.85008,-0.091004,-1.5046,-0.34355
0.29801,1.2641,1.519,-0.53643,-1.514,0.024628,-0.80017,-1.4982
-0.94828,0.4257,0.89347,-0.29822,-1.0542,0.088598,-1.0196,0.31577
-1.541,-0.80851,1.2813,0.42069,0.8496,-0.90734,-1.5599,-1.1707
0.68798,1.3877,-1.6985,1.0807,0.021444,-1.2638,-0.26927,0.5957
1.5137,-0.51911,-0.12351,1.686,0.76576,-0.78294,1.4812,0.73855
-0.67732,-1.1889,0.88824,0.88831,1.266,0.274,-1.2131,0.2265
0.63662,1.4141,1.1082,-0.062519,0.54786,-0.70954,0.17726,-1.6239
-1.2289,0.3754,-1.5007,-1.3067,-1.2428,0.62339,-0.29637,-0.89699
0.42303,0.99172,-1.5048,1.5532,0.64817,-1.1403,1.449,-0.66179
0.66787,-1.1996,-1.6549,1.3289,-0.42628,0.84336,1.3233,0.26401
0.56328,1.679,0.4385,-0.17272,-1.2035,-0.0020176,0.82154,-1.1839
-1.2584,-0.99842,-0.13817,0.61098,-0.53038,1.445,0.033984,0.69709
-0.1883,-0.95677,-1.5178,-1.1731,-0.80903,1.1567,0.39325,-0.91053
0.71351,-0.90548,-0.9237,0.46863,-1.5181,0.64815,-1.5423,-0.064585
0.10445,1.1443,-1.1879,0.3268,-0.20845,-0.70325,-1.3743,1.6874
