0.21012,1.0076,-1.531,-0.075157,-1.0856,0.91935,-0.9498,1.0257
0.64919,-0.6222,-0.90459,0.97486,0.44002,-1.1934,-1.2929,-0.58798
1.6532,0.35813,0.97215,-0.6137,0.66278,-0.57165,-1.5542,1.3975
-0.18569,1.7499,-1.134,-1.6141,-0.88616,0.76262,-0.036013,-0.13982
1.1708,-1.3321,0.89091,0.6909,-1.1983,-1.1685,-0.27809,1.3178
0.20323,-1.4928,0.094831,1.2166,-1.6265,0.66395,1.3703,-1.7231
0.52793,-0.8174,-1.339,-0.73422,0.079357,-0.022807,-0.53914,-0.10876
-0.29882,-1.073,-0.12478,1.3288,0.71482,-0.66984,0.9913,-1.6573
-0.091756,-1.1758,-0.11837,-0.46622,0.32678,-0.76468,0.35569,-0.29654
-1.3156,-1.1633,-1.411,-1.1266,-0.84068,-0.91832,1.5911,-1.1097
-0.12287,0.37861,-1.3145,-1.2648,1.2694,1.016,-0.048113,-0.60267
-0.086516,-1.5925,-0.05161,-1.1812,-0.56797,0.41223,0.06318,-0.89427
0.71836,-0.46308,0.76652,1.3457,-1.3558,0.55386,1.513,-1.2622
0.20099,-1.5751,1.2552,0.40344,-0.11313,0.0057651,1.3629,-0.60053
-1.1435,0.20845,-0.7583,-1.489,0.23312,-0.87272,-1.4849,0.56996
-1.6322,-1.4478,-1.5164,0.44934,1.0232,0.094164,-1.5342,0.42591
-0.64836,1.1878,1.4787,0.46464,-0.052724,0.92142,-0.93779,1.598
-1.6982,1.3822,0.10749,-1.5364,-0.53104,-0.79461,-1.3951,-1.4515
-0.85583,0.0094865,0.74498,0.37911,-1.4584,1.3665,-1.3727,1.2894
-1.0743,-0.91039,1.1216,0.43982,0.48509,1.5508,-0.12827,1.3345
-1.0781,-1.0823,-0.79698,-1.4822,0.86276,1.0236,0.805,-0.50789
0.53757,1.0952,0.66612,1.6202,-1.0795,-1.5107,-1.5357,-0.47763
-0.85048,1.4751,1.5106,0.88742,-0.40286,-0.079124,0.10119,-0.93327
0.95872,-0.52183,1.281,-0.51307,1.4813,0.10231,1.5233,1.1335
-1.4808,1.7418,-1.308,-0.67568,0.78462,0.26916,-0.13282,-0.64036
-0.65641,-0.2669,-0.58303,0.36907,-0.45861,0.4782,0.51582,0.45822
-1.5418,1.4298,0.32676,0.65711,1.2653,-0.16274,0.54357,-0.011823
-0.83141,0.54261,-0.65936,-0.24971,-1.3475,1.0205,0.56631,-0.66763
-1.6475,-0.21696,-0.55819,-0.1562,-1.3298,-0.73838,-0.55809,0.00098195
1.4906,0.90222,-1.4512,-1.5089,0.50797,1.6883,0.48716,-0.25603
0.72664,-1.3221,-0.47356,-1.5248,1.0102,-0.3596,0.31942,1.6863
1.1133,0.67089,-1.334,-0.27377,-1.0291,-0.082095,-1.7285,-0.29017
1.5364,0.46709,-0.97076,0.73433,0.40325,1.5974,0.63978,-0.9614
-0.55855,0.99937,-0.38903,0.85622,-0.015913,-0.064319,0.052809,0.18671
-1.3197,1.3494,0.6137,0.87786,-0.20406,1.1958,0.39073,1.1033
0.073365,0.35061,0.68317,-0.14951,1.5011,-1.4206,-1.264,-0.84543
1.2068,-1.3266,-1.1095,0.35909,-1.1906,1.1098,-0.2614,-1.6429
0.23386,-0.72625,0.3344,-0.15976,-0.31411,0.21138,0.76169,1.3276
-0.64779,-1.22,-0.78664,-0.85989,1.6322,-1.1078,1.2234,1.1396
0.14907,0.68886,1.0779,-0.062556,1.3624,-0.32386,-0.4731,0.086971
-0.60754,1.4528,1.6832,0.84097,0.60757,1.5629,-1.2077,-1.38
-1.1613,0.36624,-0.15993,-0.58168,-1.7174,-0.066971,0.98529,0.5468
1.0299,-1.5143,-0.61304,-1.4454,-0.16362,-1.481,-0.76415,-0.93433
0.95946,1.4062,-0.61951,-1.6513,0.54152,-1.358,-0.054619,0.73728
-0.57733,1.5421,-0.065789,-1.7119,-0.16003,-0.40646,1.6401,-0.91512
-0.74524,0.27165,-1.7153,1.0747,1.4151,1.402,-1.198,1.603
1.3799,1.3132,0.47009,0.37262,1.3586,-1.226,1.6648,1.1861
-0.35091,-1.5642,0.85403,0.80671,1.4306,1.1807,0.44268,0.81442
0.99737,0.97971,1.5544,1.4388,-0.078639,-1.6968,1.4226,1.5648
1.7195,0.94567,-1.4597,0.7546,0.10405,-0.35277,-1.244,1.1396
-1.3122,-1.0426,-1.1311,-1.48,-1.5427,0.43107,-0.22146,-0.99385
0.50885,-1.475,1.4775,-1.3758,1.061,0.6883,-1.3152,0.69163
-0.61505,1.0099,0.55957,-1.0082,-0.0013165,-0.095904,-1.0069,0.046331
1.6304,1.5238,-1.0087,-0.26993,-1.6522,0.89718,0.3297,-1.5199
-1.2636,-0.72028,-0.51765,1.0422,-1.6097,-1.1347,-0.060667,0.91283
0.67997,-1.0694,1.6847,0.46979,-1.5122,-0.076343,-1.1454,-1.6194
0.79251,-0.37291,-0.056782,1.6162,1.6165,-0.07273,1.632,-1.6111
-1.4881,-0.31446,-1.3681,1.3997,1.6672,0.088491,0.91055,-1.0489
0.21298,-1.1664,1.3113,-1.7141,0.45359,-0.012824,-0.3256,-0.020483
1.3913,-0.43973,-0.27455,-0.39318,-0.91839,1.253,-1.3833,0.64406
-0.78977,-0.16289,0.46869,-0.41454,-0.20706,0.83608,1.5856,0.4702
1.7256,-0.86679,0.97873,0.94462,-0.17578,0.84918,-1.4901,-1.6062
-1.1337,0.50831,1.3821,-1.6399,0.70161,1.7041,0.69201,1.3481
-0.322,-0.69953,-0.08011,0.56372,0.53374,-1.3813,-0.36117,1.1772
-0.68331,-0.32686,1.1571,-1.5105,-0.29243,0.13058,-1.3547,1.7237
1.513,-1.7137,0.93578,-0.7411,1.0638,0.46586,0.46453,0.30152
0.24735,-0.13732,-0.23652,-1.6932,0.25502,1.3391,1.1211,1.0732
1.6713,-0.79783,0.49764,-0.49236,-1.4356,-0.64183,0.44002,-1.339
1.4211,1.3552,0.14385,-0.22214,-0.24105,-0.82554,-0.29289,0.68113
-1.3712,1.0915,-0.40492,-1.2544,0.5903,-0.21184,1.6922,0.98345
1.1101,-0.1761,-0.88128,-1.4361,-0.25449,0.77222,1.5454,1.3492
1.1925,-1.3256,-0.1077,-1.6975,-1.1817,-1.5231,0.24823,1.3198
-1.0703,-0.012215,0.044119,0.44659,-1.6656,-0.15303,0.58978,1.4132
0.22604,0.95428,-0.56305,-1.6077,-0.95665,-0.015293,-0.64422,-1.475
-0.8899,0.082524,1.5772,1.0215,-0.028639,0.27373,0.11909,-0.2407
-1.2982,-1.592,-1.6809,-0.93182,-0.3698,-0.47382,1.618,1.6334
0.61959,1.3126,-0.17318,-0.97234,-0.62853,0.17076,-1.0576,-0.33914
-0.61874,1.6353,-0.40254,0.25483,0.74298,-0.83378,-1.2749,0.99969
-0.80199,0.93324,0.39149,-1.3886,-0.53502,-1.6702,0.55444,-1.5975
-1.0379,0.66057,1.6688,-1.0341,1.6234,0.13652,1.1765,-0.36258
1.0162,0.5246,-0.36101,-0.86073,0.53102,-1.4024,1.2934,0.67248
-1.6821,-1.0523,1.4136,-1.2185,-1.7406,0.97163,-0.61591,-1.4332
-0.79322,0.88344,-0.53833,0.41056,1.7145,-0.187,0.8536,0.85454
0.44032,-0.0065117,-0.9519,-0.82222,1.0175,-1.7043,0.98507,-0.31975
0.10087,-1.106,-0.12578,1.4597,1.0645,0.96988,0.52725,-0.18516
1.0668,1.2204,-0.76355,1.745,-1.1889,-1.0854,0.074465,-0.015957
-1.3479,0.37721,-0.30563,-0.29872,-0.70612,0.94941,-0.15526,-0.10246
0.11927,1.3524,1.2628,1.3205,-0.61375,-0.41267,1.194,-1.2212
-0.10074,1.7185,-0.84342,0.064848,-0.97385,-0.93054,-0.052561,-1.5187
-0.12606,-0.84159,0.98559,1.3059,0.98167,0.58701,-0.43047,0.5898
-0.45821,0.4943,1.118,-1.5268,1.5664,0.19326,-0.14631,-0.13781
0.21635,-1.2645,-0.86528,-1.5889,-1.1467,0.24142,0.025886,0.8966
-0.70475,-0.15114,-1.3089,-1.4854,-0.25104,0.21547,-0.50406,1.4967
0.43226,0.60749,1.1038,-1.6124,0.60881,0.68422,1.0485,0.37885
-1.2294,-1.0665,0.46765,-1.6996,-1.0059,-1.1815,0.37213,-1.2528
-0.12099,-1.233,-0.54249,-1.3644,0.24093,1.5048,0.86652,1.2657
1.125,-0.58575,-1.0964,0.67149,0.2649,0.88687,0.71583,0.055226
-0.09291,-1.3425,1.0878,-0.35016,1.0395,-1.5758,-1.0571,0.82694
0.23047,-1.7149,-1.203,0.45534,-1.6934,-1.4511,0.037581,1.7242
0.27452,1.6532,-0.040331,0.042127,1.3409,-0.41658,0.79406,-1.0893
0.27648,-0.35808,1.279,-1.5024,1.6956,-0.3213,0.31648,1.4521
-0.92397,0.51517,1.5975,-0.73209,-0.63643,-0.67241,0.47208,1.3758
-0.055612,-0.4476,-1.6823,1.348,-0.65984,1.4768,1.2496,0.26677
-0.056352,1.3208,-0.7441,1.1339,-0.54599,0.93651,-0.38852,0.3542
0.46974,0.17955,-0.8336,1.2321,0.70334,1.6732,-0.096774,-0.16619
1.2777,0.57847,0.29772,1.6628,1.0328,-0.94938,-0.44966,-1.2578
1.0815,-0.99465,0.97319,-1.0566,0.16676,1.4903,1.1001,1.1081
0.9286,-1.583,-0.11827,0.22017,-1.1914,0.237,-0.47262,-1.4696
0.87847,-1.1563,-1.1773,0.78462,0.020952,-0.23651,0.16421,-0.30561
-1.4482,-1.721,-1.5906,0.48557,-0.57137,-1.2984,0.4689,0.47711
-1.4637,-1.647,-1.1279,-0.42255,-1.7401,-0.18895,-0.57043,0.099928
1.5252,0.97891,1.4086,0.57876,1.1175,1.5388,0.11155,-0.68072
-0.32552,0.59556,-1.5045,0.53883,0.32707,1.6989,1.6233,0.81277
-0.79425,0.60876,-0.34971,-1.5451,1.711,0.52802,-0.2757,1.6332
1.0363,0.86062,0.5649,0.45532,-1.5823,0.67661,-0.90242,-1.395
-0.72214,-0.45352,-1.0325,1.6899,-1.3283,0.28324,-1.2881,-0.78862
1.4464,-0.85765,0.35562,-1.1416,-0.76071,-0.7698,-1.3957,1.3647
-0.80042,-0.96056,-1.0536,-1.2502,-0.66043,0.020749,-0.19082,-1.1452
-0.37429,-0.66165,-0.66383,0.15884,-1.3858,-0.72441,1.4703,-0.35662
-1.4922,1.7266,0.97319,0.73073,0.31702,1.6276,0.57864,-0.9658
-1.0526,0.70326,-0.021268,0.90151,-1.0735,-0.096155,0.44394,0.16585
1.7003,-0.50616,1.2045,1.3051,-0.37826,-0.16757,0.58169,0.95774
0.086836,-1.658,0.51493,1.3896,0.57481,0.55095,0.16052,-0.19537
0.83996,1.4405,0.7848,-0.26839,-1.5873,-0.83377,-0.018733,-0.67568
-0.78507,-1.3572,-0.50269,-0.48824,0.63581,0.5362,0.20094,1.3281
-0.54756,-1.3623,-0.55116,-0.29166,-0.5133,0.92346,-0.55872,0.26357
1.2275,-0.36116,-0.20868,-0.93275,-0.47184,-0.43574,-0.93138,0.67996
0.8727,-0.49311,-0.78706,-0.18804,-1.1352,0.052729,-1.6501,-1.4955
1.139,1.6454,-1.2602,-0.19305,-1.5992,-0.57938,-1.4981,1.2276
0.49035,0.22166,1.6637,0.49133,1.1337,1.307,1.2933,-1.6456
0.11256,-0.29456,0.40608,-1.3712,1.6268,1.1077,0.85925,0.43955
-1.0676,1.2237,0.018135,1.194,0.97386,-0.22801,0.099539,0.79219
-0.12188,0.735,1.5228,-0.40676,0.7876,0.26877,-0.88772,-0.23501
-0.59322,-0.71371,1.4082,0.86225,0.66289,0.77202,0.254,0.45143
1.0418,0.63575,-0.59981,-1.4581,1.0346,-0.021829,0.43359,-0.56286
-0.067303,1.5818,-0.64772,-0.40023,1.3723,1.5806,0.89653,0.013783
-1.2906,0.068007,-0.66749,1.4815,-0.16122,-1.3187,0.85873,-1.6285
1.377,1.3661,-1.1696,1.3523,0.30538,-1.3979,-0.36362,-0.84029
0.14711,-0.77052,1.2825,0.70274,0.77941,-0.13589,0.22384,1.2949
-0.83477,-1.4302,0.41117,-0.93882,-1.2613,1.6643,0.83683,0.097004
-0.58868,-1.0465,-0.25708,-0.79049,1.7099,1.3659,1.2465,-0.61458
-1.7305,0.2693,-1.5776,-1.3984,-0.23485,0.82292,0.18942,0.097944
-1.0863,-0.12993,0.29527,0.22182,-0.19313,-1.0805,-0.96541,0.71048
1.1504,-1.018,0.79542,-0.849,1.5646,1.0389,0.64437,-1.5412
-1.672,-0.028153,-0.48825,-1.0151,-0.59647,-0.45461,-1.1394,1.2529
-0.8487,0.61407,-1.1536,0.26831,-0.83126,-0.057706,1.2437,-0.47277
-1.4708,-1.4653,-0.25635,-1.4817,0.0017624,-1.0716,-1.5984,0.67763
-0.57197,-0.028828,0.27771,-0.85038,0.081979,1.5419,-1.3627,1.4554
0.64237,0.071851,1.1236,-0.4206,-0.099496,0.81926,-1.1789,-1.0937
-0.42059,1.4224,-0.10218,-0.25528,0.68207,-0.29994,-0.24456,-0.25902
-0.015236,0.97181,-1.7149,-0.88513,1.157,-0.98961,-1.0315,-0.15936
0.93644,0.77647,-0.25652,-0.5165,-0.91806,0.59849,-1.5821,0.30736
-0.35879,-1.3605,-1.3278,0.30558,-1.3056,-0.57556,0.074672,0.70913
-0.70345,-1.6607,-1.2672,-0.30424,0.27777,-1.081,-0.98455,-1.6499
-1.5022,-1.1594,1.4303,-1.683,-1.0521,-1.6194,-0.73167,-1.1149
0.28945,-1.2071,0.14908,-0.94886,-1.5139,-0.90813,-0.48253,0.42873
-0.9986,1.2873,1.0099,-1.5345,-0.6715,-0.17575,0.7457,-1.4731
1.4194,1.0848,0.2799,0.72851,0.037666,-0.1631,-0.3172,0.26658
0.81745,-0.78979,-0.11219,-1.605,-1.5839,-0.54297,0.24171,0.04948
0.89419,0.36458,-1.5605,-1.4143,-1.6327,-1.4652,0.27952,0.30301
0.85086,-0.45781,0.78855,-1.2473,0.59461,-1.132,0.80673,0.6313
1.2072,-0.91537,-0.2903,0.27567,0.68153,-0.23549,-0.61098,0.070374
0.94666,1.6409,0.64613,0.34737,0.63048,-0.48916,1.0377,1.0805
0.68748,0.44833,-1.5006,0.12244,0.35746,-1.0223,-0.42482,-1.2272
0.20814,-1.6602,-1.7064,-0.82638,1.6244,1.3622,1.3635,-1.658
0.2567,1.1744,1.1349,1.2585,0.25969,0.10276,-0.19054,1.4413
-1.1797,0.17751,-0.95432,0.21455,-1.7072,0.75919,-1.7181,-0.40889
1.6017,1.4418,-1.5471,0.88998,-0.38765,0.68076,-1.1395,-0.77655
-1.678,0.63945,0.50382,1.0157,0.79468,1.1331,1.1338,-0.98704
-1.4953,0.32512,-0.69061,1.3408,-1.2746,-0.8701,0.18341,-0.20898
-0.47887,1.1154,1.3489,1.1069,1.6806,-1.6198,-1.4181,0.18664
0.18801,0.94127,-0.58883,-1.5022,-0.56617,-0.18515,1.4785,-0.49127
0.1979,1.5682,-0.34293,-1.4795,-0.74685,0.4894,0.41136,-0.34068
1.2578,-0.32269,-0.20336,-0.12719,1.02,-1.6894,-0.059932,-0.60552
-0.0617,-1.2891,-1.0125,-0.60752,-0.74953,-0.98602,0.11479,1.5215
0.54145,0.64591,-0.87754,0.24175,0.44376,0.24686,-0.27044,0.85855
0.41861,-1.6075,-1.1723,1.248,1.362,1.5263,1.1224,-0.25001
1.564,1.426,-1.1606,0.21204,-0.47924,0.55051,-0.84772,-1.3075
1.1194,-1.5266,-0.14814,-0.74853,0.27082,-0.93389,0.62191,-1.1477
1.554,0.80798,-1.5139,1.2486,-1.4332,-0.37668,0.8214,-0.41368
1.0172,1.4648,-1.4025,0.78676,-0.36663,0.23203,-0.27436,-1.1624
1.103,-1.0726,0.75633,0.26873,1.0052,1.2485,-1.1781,-1.5381
0.15603,0.77956,0.6282,0.49807,0.21616,-1.4787,0.41907,0.5459
-1.6939,-1.0136,-0.52423,1.6588,0.37526,1.3774,-0.75316,0.70929
0.17783,-0.95077,-1.0367,1.0483,-0.61646,-1.4221,1.4802,-0.61629
-0.89843,-0.0082006,0.40691,-0.27981,-1.606,1.7079,1.4515,0.12266
0.616,-0.51481,0.62635,-1.5769,-1.2199,-1.1857,-0.56614,-1.5624
-0.12483,-1.2025,-1.2636,0.73743,0.030611,-0.5729,-0.81552,-1.1329
-0.69964,-0.34781,0.27072,1.4468,0.13057,0.29464,-0.80968,0.22708
-1.227,-0.57996,-0.33462,0.65161,0.4235,0.95761,1.0329,-1.4324
0.0024124,-0.85533,1.4877,-0.20794,1.2109,1.452,0.44321,1.4608
-0.169,1.325,-0.8791,1.4155,-0.75566,0.44587,1.3161,0.95115
1.2141,-1.5803,-0.76868,0.70482,1.4017,-1.1568,-1.5388,0.80661
0.39077,-1.3607,-1.0238,0.92115,-0.5144,1.6109,-0.86274,-1.4557
-1.7124,0.40657,1.245,0.50889,-0.3867,0.21486,-0.94367,-0.35443
0.60971,-0.86137,1.4755,-0.058254,-0.67093,0.21326,0.67287,-1.1113
-0.07383,1.4548,0.45817,-1.289,-0.9805,1.4752,0.36789,0.90846
-1.3113,-1.3539,-0.66369,-0.084274,0.62616,-1.588,1.4041,0.95724
-1.5104,1.4984,1.3419,-1.7247,0.6906,1.3397,0.95818,1.4085
-0.42977,0.24394,-0.8268,0.46611,-0.15287,-0.87611,-1.4209,0.98291
1.5565,0.91883,0.3263,1.5733,1.3529,-0.92529,-1.0077,0.74971
-0.94289,-1.3278,-0.65153,1.433,0.088166,-1.2653,0.8909,-1.3417
1.3656,1.2323,-0.98431,-0.62068,1.3512,1.6751,0.8201,-0.61615
-1.2786,0.83145,1.6892,1.3674,1.6398,-1.32,0.1685,-1.7222
-1.5257,1.3211,0.27061,0.93334,0.40731,1.1694,-1.0949,0.5771
0.11933,0.96503,-0.63763,1.3689,-0.85486,-0.90294,-0.83709,0.094104
1.2908,-0.306,0.19904,0.44306,0.81049,-1.4701,-1.4311,-0.78286
-1.0181,-1.7159,0.25492,0.38049,1.2405,-0.54469,-0.51229,-1.2179
-1.7361,-0.18877,0.68674,1.2027,-0.73115,0.11109,-1.0116,0.59358
0.57561,1.2573,-1.5763,1.5839,1.4348,1.1474,-0.41279,0.86759
-0.34012,0.85652,-1.6432,-1.0515,-1.6989,0.27692,1.3277,-0.86752
-0.82677,0.36824,1.3073,0.8168,-0.68772,-1.5472,-1.3546,-0.89856
-0.50189,-1.0272,-1.6231,-0.17846,0.1882,-0.56164,1.1773,-0.59964
0.58456,0.6602,0.059788,1.5653,0.1709,0.010614,-0.88618,0.52181
1.5487,0.013615,-0.94667,-1.3664,0.7213,1.2365,-0.32872,0.45362
1.0389,0.7763,1.1386,1.1237,0.051723,1.3343,0.93581,-0.16773
0.12535,0.92893,-0.56912,0.41537,0.43068,0.20038,1.4991,1.6384
-1.2021,1.0449,-0.83382,-1.0395,-1.4435,-1.502,-0.16557,-1.684
0.94624,-0.086245,-1.7575,-1.1116,1.2735,-0.86844,-0.75232,-1.4133
0.76302,-1.5915,-0.26715,-1.1342,-0.53146,-1.1902,0.15967,1.3716
0.99164,-1.1659,0.9064,-1.0581,-1.4943,-0.32271,-1.6688,-0.15299
-0.60455,-1.2167,1.436,-0.84973,0.88558,-0.4997,0.71616,1.3857
-1.4295,-0.81092,1.1536,1.1691,1.0086,-1.3468,-1.4245,1.2088
-1.7084,0.50576,0.16232,0.15527,0.060992,1.5843,-1.0852,-0.040993
0.48461,-0.022415,1.4293,-0.97609,1.0544,-0.789,-1.3731,-0.25581
0.60349,0.27485,0.64509,1.2417,-0.63311,-0.011828,-1.1271,-1.4563
-1.2154,-0.75173,-0.87711,-1.4006,-0.95352,-0.77362,1.6834,-0.14345
1.4708,-0.66153,0.62533,0.86567,0.28417,1.486,-0.89999,0.5916
-1.5159,0.49444,1.1711,-0.27513,1.0247,0.63338,1.0054,-0.61274
-0.22355,1.0722,-1.2825,0.42734,-1.6309,-0.94347,1.3862,-0.3307
-1.0291,0.33146,-1.6266,-0.090795,1.2791,1.4675,1.542,-0.66606
0.60612,-1.4202,1.6588,-0.85905,0.37718,-1.1855,0.79335,0.23921
0.1914,-1.3929,0.79708,0.52087,-0.83941,1.4395,-0.83882,0.64946
-0.23305,0.24978,1.5738,1.2604,-1.4463,-1.3315,1.5146,-1.6776
-0.40801,-0.54641,-1.3543,-1.0242,0.51492,1.5529,-0.98593,1.1667
-0.39318,0.19509,-0.64516,-0.85868,1.3901,0.05682,-1.5781,1.0768
-0.92123,-0.39719,-1.6078,-0.42791,0.54391,-0.39655,0.65579,1.1845
-0.91038,1.5369,0.76553,-0.27714,-1.2282,-0.33326,1.4275,-1.157
-1.3141,1.3733,1.3876,1.6397,1.1664,1.147,0.81951,1.1823
-0.7456,-1.3262,1.4507,-0.19254,1.4902,0.20981,-1.6342,-0.28612
0.72356,1.6192,0.21085,-0.40687,1.0855,1.0049,-1.5602,-0.65741
0.37026,-1.0643,1.5306,-1.2779,-0.40628,-0.36294,-0.39745,1.1651
1.4064,1.6588,-0.0030214,-1.6578,0.22309,-0.30784,-1.3689,-1.5713
0.20914,-1.007,0.67486,0.024486,-0.84099,-0.6579,0.50874,-1.1733
-0.50801,-0.38147,1.6283,-1.3209,-1.0256,-1.1838,1.4971,-0.5653
0.10786,-0.18799,0.082003,-1.67,0.61632,-0.34161,0.70284,-1.4453
1.6083,-1.6942,-0.87507,-0.79248,-1.3029,-0.43107,1.0063,-1.6075
0.059915,-0.42532,0.98772,0.22021,-1.3079,-1.3453,0.81102,1.321
-0.16632,0.494,-0.30947,-1.4209,-0.37929,-1.2929,0.15721,-1.3941
1.0213,0.49934,0.73309,-1.6338,-0.76533,0.6571,-0.76967,-0.079354
0.092066,-1.5713,-0.29122,-0.30019,0.12761,-1.4911,-0.19371,-0.54541
-1.6999,0.96245,1.0368,-0.17421,0.58125,-0.086509,1.2592,1.4835
-1.343,1.4332,-1.701,-1.0122,-0.33922,-1.2392,0.64174,0.33548
-0.37384,1.6502,-0.3285,1.5142,1.4742,-0.27453,0.7835,-0.7177
-0.9998,0.0011598,-1.2695,-0.1486,1.2152,-1.5943,0.97478,0.97985
0.97721,-1.2399,1.6147,-0.24471,-0.49139,-1.6126,0.2374,-1.3323
-0.78366,0.33036,-1.0726,-0.18076,-0.26491,-1.0275,0.57337,-0.26941
-1.4219,-0.30156,1.4068,0.096175,1.2864,0.91559,1.3482,1.1431
0.42635,-0.53806,-0.66669,0.095178,1.569,0.12689,0.18506,0.11201
-0.6992,0.50161,1.0171,0.99822,0.97238,1.6645,0.16684,0.0040565
1.0795,1.599,-0.48762,1.5811,1.388,0.07487,0.43749,0.97322
0.84616,0.81903,0.71305,1.3312,0.010099,-0.82539,-0.08774,1.6859
0.61992,1.2159,0.22307,1.3452,0.61855,-1.7087,-0.24067,-0.019416
0.070595,0.87547,-0.92998,-0.43961,-0.42181,-0.12504,0.10472,0.50963
-0.3507,0.64468,-0.50549,0.6443,-1.1574,-1.4006,-1.3511,1.0959
1.5497,0.40982,-0.061079,-1.1684,1.3657,-0.95781,-0.15605,-1.2612
-0.085299,1.5311,-1.5518,-0.29886,1.6265,0.70992,0.30441,1.0171
0.40919,-0.61931,-0.25115,-0.37932,0.53707,0.014737,-0.28036,-0.83151
-0.16779,1.609,-1.0508,0.035031,-0.29102,-0.12882,1.1782,0.097269
1.224,-1.6644,0.61851,1.0363,1.1395,1.0856,0.81959,-0.96911
1.2114,1.5648,-1.7508,-0.89545,0.17442,0.76951,0.042084,-0.72079
0.21258,0.1614,0.15214,0.70087,1.343,-0.94421,-0.81518,-1.571
0.26838,-0.97927,0.21936,0.94229,-0.79975,-0.030636,-1.4437,0.17588
0.82189,1.4554,-0.014206,-1.2231,0.37196,1.5259,-1.1463,0.45193
-1.1148,-0.14821,-1.4031,-1.3507,-0.71507,-0.33801,0.35696,-0.58877
0.38028,0.88744,0.46762,0.37358,0.20074,1.4679,-0.372,1.562
-0.90165,0.041614,0.57749,-0.73279,0.62532,0.42202,-0.73441,0.70266
-0.71427,1.3698,-1.7235,1.4531,-0.72183,0.92243,1.6534,-0.81792
-1.2367,0.80307,-0.85848,0.33899,0.69688,-0.5781,-1.6022,-1.143
-1.5549,-0.52241,-0.0090903,-0.023353,-1.3544,-1.0672,0.12531,-0.64578
1.0268,-0.16136,-0.8031,-1.4028,0.94947,0.21004,-1.0239,-1.6237
1.4455,-1.2741,-0.22178,-1.257,-1.1543,0.84117,0.043065,0.89211
-0.88317,-0.76288,-1.5771,1.055,-0.94815,1.5643,-0.42525,1.3047
-1.051,0.12156,0.070624,-0.38108,0.40771,-0.69682,1.1542,-0.55537
0.036824,0.11223,-1.0383,0.85943,-1.3355,-0.034177,-1.3762,0.12428
-1.0886,-0.57562,1.4787,0.84711,0.74878,0.19069,-1.0543,-0.27459
0.70575,1.0332,-0.56738,-0.66722,-0.45488,1.5271,-0.020358,1.3503
-0.13225,-0.52588,1.2699,-0.85926,-1.4484,0.542,1.6029,-0.41027
0.61821,1.295,-0.10345,-0.81849,-1.357,-1.5785,0.94561,-0.34971
0.6853,0.11575,1.4188,1.4646,-0.64858,-0.25548,1.3312,-0.26262
0.41609,-0.56673,0.82194,-0.94741,-0.44574,1.1729,-0.48461,0.24962
-0.78446,1.2025,0.7021,-1.0643,1.5971,1.2947,0.89181,1.3406
0.1341,1.699,-0.94402,-0.37787,1.3503,-0.29512,-0.37642,-1.2293
1.6344,-1.7246,-0.44455,1.0026,-0.29274,1.648,1.5118,-1.4238
-0.63478,0.044829,-1.2168,-1.5251,-0.23191,-0.5484,-0.70204,-1.3603
0.36115,-0.036271,-0.63168,-0.040042,0.77689,0.1048,-0.9583,-1.5031
1.0543,1.3122,-0.41245,0.45651,1.307,0.52223,0.14544,0.99533
-1.6315,0.30687,1.1645,-0.69727,0.65451,-1.3764,-0.77431,1.2906
0.063259,-1.1683,0.96269,-0.8484,-1.0573,-0.88832,1.4516,-1.6236
0.8033,-0.43827,0.013503,-1.6515,0.68231,-1.5029,-1.3955,1.0214
0.50601,-1.0655,0.96817,-1.6696,-0.73479,0.61165,0.48771,-0.47596
-1.448,0.12676,-0.79641,0.53056,1.159,1.5022,0.84047,0.17245
-1.7046,-1.2781,0.26924,-0.039375,0.70093,0.8371,1.3468,-1.706
-0.32241,-1.1474,1.1152,0.70264,0.099914,-0.11341,-0.15977,-0.58147
-0.17457,0.70951,0.086187,1.4401,0.38041,0.87289,-0.86525,1.5296
0.73323,0.56316,-1.6822,-0.95641,-0.62749,0.34996,-0.024156,0.3227
-1.6942,-0.67999,0.53258,0.56315,-0.75324,1.2855,1.565,-0.54268
-0.3685,-1.4732,-0.28384,1.6544,0.96724,0.463,-1.2135,1.6377
0.50793,0.25909,-0.76542,1.2148,0.087918,-1.4793,1.6964,1.3108
1.2231,-1.4033,1.7185,1.551,1.1684,0.31475,0.084932,-1.2144
1.1991,-0.82723,0.684,-0.78131,0.63995,0.27359,0.65785,1.7065
-0.82954,1.6874,-1.2457,-1.6669,-1.4357,1.3643,-0.57263,0.020144
-0.68007,1.2646,-0.89961,-1.5644,-0.4445,-1.4912,0.88339,0.23833
-0.34891,1.5192,-0.81838,1.4363,-1.3122,1.1905,1.0953,-0.40167
-0.26118,0.71144,1.6038,-0.5683,0.51169,0.55953,-0.10111,0.6743
1.2064,-0.66593,1.0181,-1.5987,-0.2945,-1.1727,0.95774,-1.6254
1.4435,-0.10927,0.31045,1.6481,1.2783,0.67387,0.73403,0.22727
-1.4204,-0.51637,0.26692,1.2716,-1.4967,-1.4449,1.0695,-1.3354
-0.36245,-0.27565,0.75413,-1.2287,-0.30824,-1.1276,0.51941,0.78285
0.94793,-1.53,1.4391,1.6029,-1.4448,0.066461,-0.2242,1.2234
0.13199,0.68648,-0.17062,-0.96145,-1.7163,0.37291,-0.5785,-0.74638
-1.1798,0.81158,0.96538,1.068,-1.5409,1.7166,-0.2498,-1.3201
0.81515,1.5227,1.6795,-1.5939,1.2989,-0.90106,0.029997,-1.5279
1.3784,1.5976,-1.5537,-0.86702,-1.4354,0.22731,-0.95521,-0.5656
0.98877,-1.0091,-1.2381,-0.48938,-0.89954,-0.062989,1.2595,-1.5772
-1.2855,0.91481,1.5524,-1.5687,-0.21655,-1.2059,1.5202,-1.2573
0.63639,-0.43469,-0.9267,0.75123,1.3256,0.86272,1.6845,-0.8185
0.57237,-1.2314,-0.49353,-1.6324,-0.58379,1.0628,1.0544,1.0606
1.5829,-0.2198,1.041,-1.4226,-0.54629,0.56718,1.5027,-0.54395
-1.1869,1.4624,0.3103,-0.10137,0.74726,1.5804,0.092721,0.6587
1.1362,-0.097827,-0.58036,-0.95752,-0.86831,-0.027842,1.417,-0.97891
0.91222,-1.2093,-1.748,0.025397,1.3031,0.061228,0.64449,-0.2068
0.75302,-0.75535,-0.19819,-1.2846,1.7119,0.10387,-0.080291,-1.2952
-0.74829,1.488,-0.82121,1.5713,-1.408,1.5843,-0.044369,1.2715
-1.2926,-1.7086,-1.4849,-1.2229,0.1068,1.6341,0.029395,0.59485
0.92907,1.668,0.45695,-0.055595,-0.64361,1.4445,0.90535,1.2677
-1.3166,-0.71935,-1.1766,0.043602,1.6755,-1.7088,-0.15721,-0.01259
-0.57827,0.5039,1.4423,1.2706,0.3295,-0.13802,-0.33665,-1.4043
0.40686,-1.6388,0.06113,0.65858,-1.4589,0.06892,0.52055,-1.1189
-0.95258,0.4019,-1.3576,1.6551,-0.38533,-0.91622,-0.58552,-1.0556
0.93159,1.2173,-0.67093,1.6885,1.5311,1.1443,0.22936,1.2482
-1.1418,0.77842,-1.0609,0.85744,-0.57387,0.2767,-1.2937,1.0375
-0.024727,-0.54677,0.3035,-0.44829,1.2739,-0.86593,-0.89163,0.93149
0.42052,-0.64587,1.5101,1.6305,-1.6237,0.20922,-0.35133,0.8366
1.6607,0.19545,-0.61459,-0.68993,0.162,-0.86593,-0.23348,0.50238
-0.051651,1.1067,0.95026,-1.6034,-0.41961,0.89222,-1.4771,0.78301
1.2354,-0.47259,-0.15667,1.2665,-0.64822,-1.5522,1.2686,1.5114
1.1525,-1.3736,0.44149,-1.6394,1.005,-0.89989,-0.22811,0.054154
0.56379,0.63065,-0.83552,0.30834,1.2001,1.672,0.57843,-0.66777
-0.34568,0.15268,1.6709,1.7606,-1.4682,-0.561,-1.5955,1.5646
-1.2944,-1.1764,0.36569,0.52499,0.38132,0.77122,-0.33599,-0.30067
-1.7282,0.56047,1.1524,-0.74371,-0.65659,0.1378,-1.7227,0.30487
-0.20658,1.3035,0.98102,0.5645,-1.1904,1.2237,-1.0069,1.3452
1.2626,0.69095,1.3669,1.4998,1.6916,0.10429,0.11913,-0.85818
-1.1174,-1.2234,0.15629,1.396,1.3456,-0.76011,-0.35557,-1.5527
-0.95889,1.7202,0.27793,-1.4799,1.5938,1.4523,-0.17184,-1.2988
-0.23264,1.0404,0.89005,0.18074,-1.2994,-0.50292,-1.1293,-1.4019
1.4361,-1.512,-1.2597,0.43978,-1.1434,1.4955,-0.7368,1.4246
0.64634,0.83553,0.34289,-1.2251,1.6662,-0.31919,-0.12385,0.71272
0.22983,0.83378,0.18944,-1.139,0.32526,0.71954,0.91644,1.2448
0.59709,1.2979,0.30269,-0.699,0.75981,-0.80886,0.29011,1.139
-0.76306,-1.1565,-0.43062,-0.28998,-1.0349,0.4849,1.5554,1.4401
0.2188,-0.30333,1.3948,1.3089,1.0659,-0.73531,0.27623,0.093053
-0.26792,-1.3302,-0.51476,-0.62587,0.28553,0.55557,0.064557,0.52411
0.14081,1.5649,-0.66743,0.38553,0.92246,1.108,0.45547,0.50113
0.56955,1.0051,0.7165,0.59087,1.2724,0.15819,0.33896,-1.0052
1.2855,-0.47562,0.054694,-0.92691,0.48301,-0.62925,-1.0886,-1.7042
-1.409,-0.67379,-0.93597,-0.069017,-0.21584,-0.713,-0.93758,0.86574
0.17066,-1.0361,-1.6624,-0.89577,0.0676,-1.2799,-0.52643,0.68963
0.6062,0.41629,-0.44346,-1.1916,0.53949,0.0047605,-0.44102,-1.6786
1.2966,1.3425,0.58188,0.18169,-0.61372,-0.31039,1.6056,1.3213
-1.6306,-0.42076,-0.16416,-0.77637,-1.154,-1.2351,1.1126,-1.0334
0.63738,1.4797,-0.91838,1.4994,-1.437,0.11622,0.97539,0.53215
1.0477,-0.27527,0.49639,1.4774,1.5071,-0.63333,0.6999,0.24926
-1.5,0.48866,-0.068588,0.45171,0.47811,1.2818,-0.66419,1.2349
-1.2418,-0.56271,-1.4747,-1.0228,-0.54417,0.40724,-0.45247,1.6165
0.005146,-1.3634,-0.96907,0.11491,1.1856,-1.0056,0.91438,-1.7247
-0.46862,-0.27334,1.0828,1.3093,-0.63639,0.79663,1.7149,0.81372
0.28567,-0.98919,0.95042,1.3837,1.2295,-0.34226,0.60886,-1.5302
-1.6147,1.289,0.72551,0.44547,1.6186,0.44157,0.95998,-1.1269
-0.82103,-1.5452,-0.39082,0.71321,1.5284,-1.6043,1.6441,0.26097
0.13493,0.83258,1.3004,1.1966,0.2266,-1.6611,0.84742,-1.2455
-0.41824,0.94941,0.12404,-1.2379,0.024539,-1.6544,-0.27296,0.58828
0.57869,-1.7113,0.16112,-0.84015,-0.88957,-0.92841,-0.31447,-0.84658
0.0059155,-0.67933,0.9186,-0.33284,-0.88889,-0.26695,-0.1318,1.4757
-0.59353,-1.1129,0.15395,-0.57413,0.90489,1.1145,-1.0178,1.5918
0.72431,0.059192,0.25262,-0.42256,1.4407,-0.50677,-1.6214,0.12572
0.8914,-1.707,-0.78892,-1.4965,-0.82836,0.52928,1.3708,-0.93107
0.054421,-1.2032,1.3709,-0.42469,1.5572,-0.99861,1.2249,-0.41953
1.3576,0.05807,-0.92241,-0.20119,1.4264,-1.1246,-0.7439,-0.44961
1.0089,-1.6324,0.88785,-0.98485,-1.3317,0.68875,-1.2195,1.4753
-1.1851,-1.6569,1.2518,0.4908,-0.48727,-0.93173,-1.4525,-1.5802
0.056933,0.60004,-0.086212,-0.92079,1.3065,-0.83806,-1.2169,-0.62676
0.77433,-0.57944,1.0178,1.2983,0.34036,1.5608,-0.79668,0.38596
-1.5958,0.72278,0.47606,-1.3153,-0.85483,-0.44142,-0.28606,-0.71046
1.2171,0.76671,1.6511,-0.77121,1.6617,1.7153,-1.1699,-1.5777
0.85499,-1.3639,-1.5443,1.5328,1.422,0.84501,-1.7165,-0.21822
-0.18177,-1.2754,-0.64845,1.6966,0.94132,-1.4108,0.51848,-0.9508
-1.7342,-0.15688,-0.69237,0.36672,-1.43,0.054623,0.18717,1.0294
-1.2291,0.98669,0.86793,0.76034,-0.67186,1.682,0.96719,1.1183
-0.97183,-0.83363,-0.54422,0.91784,1.3701,-0.23866,0.94908,0.22969
1.702,-0.55574,1.2397,0.050221,-1.6565,0.42593,-0.029817,-0.066953
0.28756,-0.80011,-0.95547,0.59765,-1.3142,-0.56585,0.90326,0.089849
-1.6277,-0.60448,0.16556,-0.60826,-0.21481,-0.22367,-0.76987,-0.36678
0.37583,-0.62737,0.37852,0.041162,-1.3909,0.22606,-1.5002,0.08707
-1.5556,0.4792,1.2729,-1.1987,0.045923,-0.043742,-0.71339,-0.79828
1.6097,1.4271,-0.66725,0.83445,-0.047417,1.4164,-0.097054,-0.27332
1.2346,-0.82169,0.94719,-1.176,-1.116,-0.86081,1.0152,-1.2458
1.3581,1.604,-0.82846,0.30146,-0.61195,0.92809,-0.94148,-0.28434
0.99334,0.59881,1.4572,0.64527,-1.3854,1.4831,-1.0225,-0.18427
0.55702,0.91945,-1.3662,-0.21278,1.4116,-1.591,-1.2997,-0.99421
0.77763,-0.47611,-0.28903,-1.1651,0.76638,0.71137,-0.23931,-1.1196
0.68327,-0.38299,-1.2617,-0.30833,1.1272,1.719,0.47256,-1.0523
-1.1407,0.74389,0.17158,-1.6489,-0.031535,-0.6445,-0.58292,-1.449
-0.36807,-0.59924,-0.02473,0.17777,-1.4543,-1.6169,-0.48236,0.02498
0.20909,1.5368,-0.96195,0.91792,-0.030936,-1.3096,0.096706,-1.5444
-1.3786,1.3404,1.103,0.27549,0.67704,0.84918,-0.19116,-0.39649
-1.3213,-0.76977,-1.1531,1.7036,-1.1371,1.0531,0.094601,0.067046
-0.154,-1.6386,-0.76226,0.90688,-1.1717,0.23137,-1.6839,-1.1413
0.57122,-0.51376,0.48278,-1.2988,0.034728,0.55829,-0.28751,-1.5663
1.3783,1.6688,1.3068,-0.26206,0.41528,-0.10245,1.6604,-0.89197
0.182,0.92822,-0.59562,-1.5028,1.1046,-0.78326,-1.3094,-0.35623
-0.19206,1.4164,0.73965,1.472,-1.7193,0.72542,0.3841,1.5684
-0.84999,0.4852,-0.33072,1.4446,-1.2849,0.94161,1.1876,-0.27463
-1.1458,-0.84642,-0.85776,0.75438,0.44878,-1.2246,0.24621,-0.58204
1.1843,-0.72317,0.5419,0.073606,-0.21059,1.5007,-0.13176,1.0465
-0.081352,1.3532,-1.3869,0.23654,0.51068,0.075315,0.095131,1.045
0.20062,-1.7323,-1.0964,-0.71364,0.05938,-0.10187,1.1293,0.11654
0.74153,-1.0413,1.4512,-0.71628,0.95036,1.4252,-0.089223,1.7208
0.36758,1.0861,-1.0586,1.0111,-0.91606,-1.26,-0.1843,-1.6227
1.4178,1.4898,-1.3483,-1.4072,0.012378,-1.3044,1.4785,1.7023
1.5554,-1.5507,-1.3927,1.0039,0.82284,0.4743,-0.7003,0.89889
1.6055,0.40814,-1.0302,-0.34776,1.2179,1.698,-0.94073,0.25465
-0.097703,-0.97469,-1.1885,-0.48932,-0.15303,0.49557,-1.6469,-0.064278
-0.15658,-1.6302,-1.4349,1.0255,1.5931,1.652,-1.4495,0.12757
0.11933,-0.23,1.263,0.48689,-1.6942,-1.6775,1.7149,-0.1887
-0.3516,-0.53315,-0.55086,0.70799,-0.13386,-1.6022,1.6172,0.72548
1.0058,-1.135,-0.089614,0.84702,0.041449,-0.09175,-1.3316,-1.3749
1.6347,0.24461,-0.97172,0.29136,-1.0966,-1.5608,-1.0881,-1.2462
-1.6961,1.453,1.2003,-0.13364,-0.36074,-0.77497,-1.425,0.54698
-1.4619,0.94421,0.83711,-0.99581,-1.3729,0.14741,0.075559,1.6763
0.63468,-0.43343,-0.0026479,0.64263,-1.0199,-1.0508,-0.84667,0.13315
0.074787,-0.6875,-0.15383,0.20841,0.93286,-0.094089,0.80027,1.4492
-0.66915,0.74754,0.060058,-0.088199,1.004,-0.39273,-0.58661,1.6684
-1.325,0.60449,1.4624,-1.2323,-0.39817,-0.24376,0.50449,1.5429
0.11328,-1.2632,1.4627,-0.20458,-0.44799,-0.90033,-1.3489,-0.21642
-0.48886,0.94596,1.658,0.041474,0.3232,-0.91271,0.57615,0.46517
0.49031,-1.3221,0.69538,0.82636,-0.36943,-1.5485,-0.59258,-0.77212
-1.478,0.75328,-0.20389,-0.10522,-0.57946,-0.63285,-0.29738,-1.01
-1.3785,1.4287,-1.6364,-0.99269,-1.1976,-0.55165,0.91658,1.687
0.32595,1.7067,0.95865,1.3902,-0.47384,-0.30672,-0.63502,1.214
1.4074,-0.25312,-0.18623,-0.30688,-1.2816,-0.82737,0.90658,-0.031059
1.0322,-1.6066,-1.7411,1.7031,1.5849,-0.50438,0.50256,0.023252
0.38358,1.2522,0.12649,1.5979,0.94617,-1.3625,-0.37821,1.2016
0.62228,-0.4389,-0.68296,1.0824,1.7053,-0.45551,1.3339,-1.5134
1.4966,-1.5791,-0.78986,-0.92682,-1.4501,-1.191,-0.34693,0.97512
0.20535,1.5378,-1.2202,0.97303,-0.14779,1.4953,1.6993,1.505
0.29322,0.39906,0.26297,-1.6477,0.49189,-1.5653,1.4141,-0.32406
1.562,-0.2409,0.61569,-1.6917,-1.2743,1.2672,0.33613,-1.1481
1.4726,1.7287,-0.12059,0.42869,-1.3453,-0.88166,0.92873,-0.46205
-0.1131,-0.04975,1.2933,-0.20676,-0.57356,-0.96406,-1.4934,1.195
1.7186,1.4785,-1.4052,1.2144,0.88156,0.042473,0.44645,0.3676
0.025816,0.36463,-0.45177,0.27759,1.1543,-0.58135,-1.1491,-1.4232
1.319,0.7554,1.6721,-1.0594,-0.50269,0.080237,-0.45354,-0.66455
-0.78907,-0.16033,1.2013,-0.99628,0.91621,-1.438,-1.2944,1.3378
0.84702,0.19691,-0.80804,0.54022,0.94159,1.4014,0.30125,-1.022
1.6738,-0.61655,-1.4108,-0.12337,-0.018636,1.3814,-1.1446,-0.17244
1.268,-0.29115,1.5154,0.76013,1.5274,1.7277,0.66164,-0.65554
0.65576,-1.6349,1.4367,0.20865,0.26676,-0.40086,1.5868,0.18225
-0.031709,0.81355,1.1127,-1.5912,-0.41118,0.59462,-1.1036,-0.96013
0.37114,-1.4081,-0.34824,0.16368,-0.90601,1.3729,0.7316,0.7649
-1.4124,1.6651,1.3695,-1.026,-0.05413,-0.93458,-1.1635,-0.54765
0.96005,1.1671,-0.061023,-1.5451,1.2625,-1.488,0.99936,0.29117
-1.6599,0.13995,-0.49726,0.22181,1.4059,0.72451,-0.94305,0.014228
-1.0368,0.98683,-1.2498,-0.80904,0.79527,-0.48092,0.88456,-1.6217
-0.84261,0.047727,0.71941,-0.46162,-1.7259,1.3078,0.69779,-0.40805
0.98273,-1.5952,-0.86772,-0.97324,-1.3316,1.2988,1.0259,-1.5526
1.1501,0.40614,-1.5333,-1.2438,-1.0099,0.7651,0.15981,0.68839
0.028664,-1.1524,-0.5469,-1.2008,-0.99409,-0.84123,0.11578,-0.16547
-1.0744,-0.43712,-1.6289,0.80649,-0.097927,1.1274,-0.0083169,-0.5147
0.53855,-0.25231,-0.31702,1.3964,-0.016091,-1.2556,-0.36145,-1.1341
1.164,-0.48402,-1.5486,1.4693,1.4655,-0.46429,-1.5666,1.1271
0.18686,1.3209,0.079519,0.83822,0.22776,-1.3831,0.035828,1.5594
-1.5473,0.79495,1.4056,-0.64666,-0.75265,-1.0544,-0.70253,-1.3246
0.86848,1.6684,-0.6173,1.22,0.26841,-0.81891,0.012707,-0.89938
0.59403,0.34938,-1.5795,1.3304,1.7073,1.4904,-0.21831,-0.71806
-0.80892,0.80877,-1.6536,-0.043184,0.73971,-0.35763,-0.97027,0.9787
-1.6448,-0.51973,0.6486,-0.94653,0.21124,-1.0713,0.26675,-0.66031
0.24447,-0.56692,-0.62518,-0.71999,-0.28108,-0.12555,-0.83257,0.022694
-0.81627,-0.82748,-0.041786,1.4544,1.174,-0.84883,0.089688,-0.76093
-1.0491,1.3593,-0.82743,-1.0304,1.2047,-1.4272,0.18858,-0.10112
1.6417,0.054242,1.2218,-0.70737,1.091,-1.3835,1.3929,-0.66384
1.0672,-1.5797,-0.50584,-0.66576,-0.63652,-0.88458,-0.44518,0.8105
1.5703,-0.78233,1.1312,0.43261,0.16413,1.1472,1.1151,1.5666
0.18551,1.2095,-0.43655,0.63348,-1.7343,-0.233,1.1034,0.067516
0.79544,-1.4291,-0.10382,-1.4752,0.99593,0.90292,1.1046,1.5665
1.0407,-0.072351,1.5195,-0.97812,-1.6057,-0.31686,0.36693,-0.013389
-0.54159,-0.68106,1.6386,1.2171,-1.4322,-0.71219,-0.8221,-1.466
0.10282,-0.70486,-0.083639,-0.60733,-1.6826,-0.54568,0.83877,1.585
-0.21227,-1.5658,-1.563,-0.17806,-1.5796,-0.37223,1.1286,1.167
-0.12844,0.91319,1.3393,1.6881,-1.2638,-0.81073,-1.1858,0.73202
-0.20795,-0.7306,0.25054,0.24021,0.85248,-0.6732,-0.15721,-1.4696
-0.82874,0.86396,-0.49965,0.61719,0.44707,-0.30757,-1.2917,-1.2094
-1.6108,0.40572,-1.4469,0.94479,0.36909,-1.3975,0.95691,0.46546
-0.42923,-0.16317,0.10074,-1.306,1.1636,-0.46682,-1.6948,1.0398
-1.2278,1.6015,-1.3224,0.99467,1.6464,1.0551,1.3165,0.96506
0.69799,-1.5867,1.6793,1.5063,-0.00013785,-1.5282,-1.7048,-0.17979
-1.243,1.7427,-1.0515,-0.20322,1.483,0.44338,1.3318,1.292
-0.010848,-0.92304,0.71241,-0.44387,0.97906,-1.5631,-0.18719,-0.37245
-0.96347,1.2625,0.18406,-0.16975,-1.4834,0.6066,0.64282,-0.83536
1.4887,0.025533,0.60932,0.90459,-1.447,-1.6894,-1.1186,-0.74994
0.14943,1.0244,-1.6972,0.67816,0.82603,-0.26051,1.16,1.1365
0.2639,-0.73357,-0.58829,0.54643,-1.6897,0.13196,-0.66108,0.2278
0.1433,1.0223,-0.41446,-1.0193,-0.5999,-1.2172,0.77461,-0.41136
-0.79145,1.0895,0.28198,1.666,0.50397,-0.96849,-0.96156,0.32563
0.13966,1.6372,1.5552,-0.028203,-0.29965,-1.4783,-1.4497,-0.46061
-0.90018,0.90082,-0.62692,-0.34014,-1.3368,1.0241,0.62464,-0.09789
-1.2634,-1.3976,0.72294,0.44639,-1.5308,-0.81454,-1.4708,0.83716
-1.6913,-0.056886,-1.6124,-0.45274,-0.15712,-0.10991,-0.60074,1.4301
-1.0663,-1.7196,0.023367,-0.95015,-0.85111,-0.70775,1.6311,-1.3447
0.026813,0.60768,1.5701,-0.1019,-0.85859,-0.64041,0.6521,1.2547
1.5412,0.3715,0.42395,-1.1159,-0.69483,-1.2513,0.5174,0.3364
-0.22812,-0.016423,-0.26799,-0.75632,0.36386,-1.1194,0.28836,0.81301
1.4893,-0.92912,0.27195,1.2578,-0.78744,-1.3525,0.47611,-1.2754
-0.82748,0.4045,-0.9635,-0.89232,-1.7323,0.51466,-1.0115,1.6935
0.054439,-1.276,-1.4116,1.2457,1.3945,0.34315,1.2446,0.42286
1.1166,-1.0286,-0.43927,0.18465,-0.6048,0.07059,-1.3191,-1.4945
-0.89929,-0.27956,0.088619,0.68803,1.4565,-1.1633,1.0561,-1.0751
0.97822,1.1359,0.74278,-0.55175,-1.5902,1.463,0.066888,1.453
-1.3212,1.5209,0.51325,0.44364,-0.74618,-1.5604,-0.21471,1.4948
1.2545,0.98425,1.6042,-0.18675,-0.35397,-0.21615,0.79927,-1.265
0.0024667,0.49248,-0.80023,-0.79147,0.92467,1.5489,0.34227,0.98497
-1.44,0.686,-1.2297,1.5532,0.3949,-1.2453,1.5695,0.6081
1.0044,-0.5848,-0.93626,0.83026,0.79852,1.4533,-0.061631,0.90576
-1.3208,0.29389,0.53503,1.7504,1.4136,-0.73456,0.7839,-1.0073
-1.4082,-1.0721,-0.54592,-1.7234,-1.6431,-0.88569,1.0246,0.38418
-0.44864,-1.0915,0.67086,-1.3292,0.77181,1.0087,0.96874,-1.2742
0.7373,-1.3812,0.68257,-0.56775,0.55503,-0.11128,-1.2157,-0.55861
1.6969,-0.56052,0.27298,-0.81126,-0.99546,-0.41382,1.1424,1.1067
-1.6843,-1.0811,1.0694,-1.0529,0.1394,1.5789,-0.65008,-0.67716
1.5373,0.11743,-0.80632,-1.5253,-0.94106,-0.57706,-0.7158,-0.58829
-1.6136,1.4406,-0.67818,-1.0057,0.19294,1.7184,-0.45348,0.64258
-1.1616,1.2078,-0.68526,-1.1024,0.84806,-1.4889,-0.24382,1.6369
-1.4325,-0.62292,-0.2285,-0.49383,-0.75598,-1.3618,-0.38648,1.3849
-0.27715,0.39352,0.3924,-1.5526,0.82254,0.10497,1.191,0.00073954
-0.71459,-1.4861,0.21907,1.6555,-1.5531,1.646,1.5296,0.60749
-1.2008,1.6022,-0.64644,1.7196,1.1508,-0.34673,0.55887,0.83518
1.1348,-0.9272,0.6759,-1.7244,-1.5523,0.98628,1.4449,-0.28169
-0.13045,1.4174,0.52485,0.018366,-1.0957,-0.24406,1.0075,-0.89043
-1.5476,0.51986,0.95295,-0.53929,-1.4982,-0.49852,0.66434,-1.3403
1.7162,-0.73502,0.78469,1.4817,-1.5905,0.75305,0.075993,0.71945
1.6568,0.3861,-1.2299,0.82292,0.16986,0.86645,1.6278,0.47564
0.35125,-1.3549,0.15014,1.5743,0.5658,-1.1233,-0.85416,-1.6888
0.0086332,-1.0034,1.5834,-1.7013,-0.73738,-1.0247,0.364,-1.3423
-1.4627,-1.4792,0.038444,-1.4288,1.0856,-0.29695,-0.86617,-1.52
-1.5885,1.4855,0.73445,-1.7199,-0.34077,0.94681,-1.5655,0.57372
-0.20718,1.3613,-0.40454,-1.0159,-0.23765,1.1628,0.47735,0.41131
0.88568,1.6362,-0.014757,-0.54745,-0.13937,-0.32061,1.6403,0.78
0.33197,0.78638,-1.3178,-0.26452,1.0122,0.0041069,-0.88064,0.67441
0.23302,-0.2915,-1.1496,0.91838,-0.33996,0.6453,-0.019908,-0.81987
-1.0269,0.48017,-0.52057,-1.7132,-1.0521,1.1672,0.16738,-1.3723
0.028464,0.41591,1.0659,0.8985,-0.17192,-1.4218,-1.5267,1.0427
0.19049,-0.44437,1.5709,1.3798,-0.079893,-1.3365,-0.66822,-1.3478
0.5916,0.67726,-0.58224,0.71184,-1.4865,-1.4172,-0.73663,0.10832
0.572,1.4826,-1.2421,-0.64096,-0.22068,1.4736,-1.4468,-0.80635
0.69616,-0.85327,-1.6552,0.14479,-1.1783,0.12913,-0.83191,0.76195
1.3441,0.69107,0.30403,-0.52846,-0.034994,1.4792,-0.71152,1.3195
0.25991,-1.6359,0.44946,1.0329,0.99743,-1.5108,1.4802,1.3549
-1.6727,0.47278,1.5655,0.11416,-0.96834,0.76677,-1.3683,1.2587
-1.0216,1.5168,0.55353,-0.22983,0.50687,1.0863,-1.724,0.63738
1.1142,-0.23544,-1.016,-0.013622,0.86946,0.77324,-1.151,-1.221
-0.93508,1.3168,0.27375,-0.24631,0.13811,0.50662,-0.71727,-0.57548
0.92719,1.3657,-1.0274,-0.99072,0.47523,-1.5697,0.74077,-0.40923
1.032,-1.4587,-1.3719,1.1117,-0.61482,-1.2977,-1.6456,-1.0844
-0.58218,-1.1119,1.3192,-1.7192,1.2056,1.0485,-0.87608,-0.88357
-0.90054,-0.58701,-0.016698,1.7199,1.3519,0.064164,0.63302,1.6163
1.1673,1.4451,0.026382,1.3431,0.71307,0.55079,0.45619,0.96525
1.3771,-0.87128,1.3315,-1.3936,0.85912,0.30118,-0.65752,0.20253
-1.0258,-1.6333,0.25998,1.222,-1.0275,1.4492,0.75835,1.0162
-0.78201,-1.4217,-0.13715,0.15469,1.0793,-1.034,0.0068407,0.95561
1.3609,-1.1423,-0.19906,1.2637,-0.82719,0.13062,-0.45401,0.27384
-0.65076,-0.85733,-0.19589,-0.84652,0.46508,0.42302,-0.070382,-1.713
0.72058,0.74617,0.2687,-0.20599,1.0687,1.5934,1.3768,0.042141
-0.68208,-0.9064,0.85208,1.4099,1.4287,0.82969,1.3667,-1.5648
0.98827,-0.10448,0.096893,1.1022,1.1402,1.6286,0.42548,0.80552
0.41493,1.4842,-0.52329,-0.97312,-0.40147,-0.71249,-0.98431,0.97306
-1.4203,0.89302,0.22093,-1.3285,1.1578,-0.87366,-0.82738,-0.80382
-1.3021,0.70253,-1.4264,0.65256,0.58396,-1.1099,0.75275,0.21657
0.28449,-1.308,0.133,0.54721,0.13486,0.53501,1.4568,-1.0819
-1.0661,0.043381,1.3881,-1.1746,-0.89609,-1.0643,0.060231,-0.041875
-0.45466,-0.1181,0.35823,0.26565,-0.75762,0.28293,-0.16088,0.64018
0.96426,-1.1509,0.28064,0.56505,-1.5183,1.6514,0.060834,-0.87438
-1.1319,1.4864,-1.2615,-0.29163,-1.482,-1.1816,-0.69641,1.7196
-1.3519,0.386,0.66286,-1.3358,0.44426,1.4802,-0.46754,-0.075266
-1.4119,-0.028076,-0.32776,1.2714,0.84235,0.45625,-0.17513,0.67405
0.08929,-0.33855,1.643,-1.2645,-0.22115,0.83738,-1.2701,-0.026073
-0.99734,-0.71624,-0.41455,0.74778,-1.0109,-1.5393,-0.76992,-1.4712
-0.03053,-0.11733,0.78615,-0.27159,-1.2958,1.446,-0.4511,-0.50551
-1.1953,0.67187,0.43135,0.77159,0.4588,0.10049,0.086197,1.1831
-1.1123,-0.045902,0.18598,-1.5617,-0.62412,0.5742,0.38701,-1.1067
-1.0676,0.7886,0.15371,0.95453,1.1044,-1.0276,-0.36247,0.6006
-0.57818,-0.017685,0.92307,1.5463,0.95063,1.6175,-0.68223,-0.10242
1.6124,0.16458,-0.25776,1.1714,-0.80575,-1.4383,1.6072,1.3593
1.3746,0.31857,1.0575,-0.025987,-1.508,-1.0041,0.98107,-0.43611
0.79893,0.20892,-1.2479,-1.3555,0.48932,0.20749,-1.4499,0.51018
0.16674,1.1143,-0.59784,0.71825,1.6817,-0.53287,1.6108,-1.1286
-1.4135,-1.1722,1.1165,-0.18168,-1.0144,0.62372,-0.45905,-0.35174
0.98398,-0.77104,-0.2676,1.6321,-1.5539,-0.25117,1.3806,-1.4876
-0.47096,0.028377,1.5137,0.53173,-1.4612,-1.103,0.45355,0.074438
0.07398,-0.15022,0.2836,-0.27438,-1.6826,1.1001,0.44357,0.72305
-0.58922,-0.60998,0.35754,0.052462,0.6952,1.3783,0.6165,-0.13361
-1.0955,1.6319,-0.3204,0.42378,0.18042,-0.40402,1.2574,-0.43509
1.6024,0.70655,0.90743,0.35227,-1.5653,-1.1045,-0.98661,-0.54421
-1.4883,-1.367,-0.19946,-0.73044,-1.6088,-1.0572,-0.35801,-0.4143
-1.1141,-1.0395,0.98547,1.7011,0.81689,0.85319,1.0139,-0.46697
1.3851,0.8721,-1.5506,0.20201,0.36921,-0.52527,-0.89341,-0.38899
-1.516,0.056895,-1.5179,1.6522,-1.3647,0.8068,0.035526,-1.0546
0.46828,0.81598,0.63644,1.6675,0.75737,1.6348,-0.82798,-1.5792
0.61955,-0.483,-0.78695,0.81731,0.89625,1.6165,0.38276,-0.056081
0.96433,1.1231,-0.3964,-0.72482,0.44047,1.5919,1.4051,-0.92751
0.54089,0.050161,0.72951,1.4272,0.84124,0.75955,1.3472,-0.73261
-1.4754,1.1786,0.36388,-0.13291,-0.49498,1.4248,0.29023,0.15045
-0.073952,-1.701,-1.654,1.0789,-1.207,0.26867,-0.36907,1.4993
0.62442,0.77308,-1.6327,1.347,-1.1457,-0.55913,0.84349,-0.74735
-1.0455,1.3852,0.15343,0.67005,-0.50138,-0.97316,-0.44494,-0.34429
-0.0022464,-1.6248,-0.92249,-0.70936,-0.48927,-1.581,-0.61084,-1.134
0.51648,0.33985,1.6671,1.3141,1.5548,-0.63807,0.20246,-1.0148
-0.639,-1.4415,1.5231,-0.37433,-1.2922,1.7168,-0.61952,-1.175
0.68306,0.18963,-0.671,-1.4159,-1.5409,1.7162,1.2258,1.5963
-1.2375,-0.51714,1.4824,-0.83867,0.60146,-0.10654,-0.24139,-0.85651
-1.5132,1.189,0.22469,-1.6533,0.2197,1.3765,-0.11345,-0.23336
-0.31276,-1.3306,-1.15,-1.532,0.26531,1.2498,-0.60505,1.1879
0.25846,-0.55025,-0.92117,-0.55943,0.89016,-1.2542,0.89407,-0.05857
-0.6188,0.31816,-0.65292,0.054783,-1.2684,-1.1398,0.97532,-0.38014
-1.2419,-1.2143,-0.92369,-0.52667,-0.083884,-0.68725,0.57928,0.7547
0.42728,-0.026054,-0.5021,-1.1854,1.5231,1.3008,-0.53238,0.75713
-0.36103,-1.0632,-0.75749,1.5064,-1.4112,0.45428,-1.2846,1.4942
0.70083,-1.606,1.4133,-0.89587,0.81835,-1.0282,0.013801,1.1786
-1.1,-0.83995,-1.3079,-0.94531,-1.5711,-0.30865,1.5566,0.78995
-1.1477,-1.4544,0.61686,1.2595,0.93261,-1.6233,1.5097,-1.3717
-0.95533,-0.26214,0.36656,0.72741,1.2823,-0.59465,-1.1768,-0.44935
1.503,-1.1114,-1.2984,1.2594,-1.2816,-0.74739,0.46455,-1.1939
1.4301,-0.28065,1.3434,-0.1799,-1.1795,-0.59292,-0.82326,-1.5781
-0.99606,0.78013,-0.90018,-1.1345,-0.83504,0.85936,1.077,-0.42093
-1.7074,1.2077,-1.1697,0.40092,1.1428,1.0024,1.649,1.2983
1.6243,-0.6521,0.74197,-1.0074,1.3404,0.74796,0.23145,0.35241
1.0701,-0.71439,0.82404,-0.32374,0.3002,-1.0497,-0.22439,0.61871
1.0444,-0.39158,-0.31344,1.3718,-1.2901,-0.6979,-0.47704,-0.92083
-0.73188,1.4851,-1.6868,-1.2538,-1.1968,1.1668,1.3205,-0.11735
1.6453,0.42006,0.98954,-0.31035,0.21017,1.7197,-0.66245,-1.5291
-1.1167,-0.90311,-0.67162,0.34364,-1.619,-0.074548,-0.85697,-0.29301
1.5975,0.73744,-0.78698,-1.6461,1.3513,1.2185,-1.0049,-1.67
1.4966,1.5187,1.531,0.64661,1.6965,-1.563,1.5216,-0.39509
-1.2702,-0.57325,-1.0731,0.35552,1.4782,0.72625,1.1655,-0.19054
0.5477,0.001154,1.6916,1.527,-0.56152,-1.1537,-1.0306,-1.7251
-0.82124,-0.062147,1.6286,0.9838,0.15029,0.041523,1.1964,-1.3237
1.4974,-1.5145,-0.39782,-0.47775,-0.62298,-0.70622,-0.71721,0.79049
1.6771,-1.3514,0.3056,-1.2113,-1.0535,-0.81707,-1.2007,-0.79461
0.88841,-1.5978,1.4981,1.2767,-0.15094,1.5696,0.97629,1.6536
-0.13827,-1.088,0.24778,1.5692,1.5573,-0.39033,0.27163,0.28436
0.76984,-0.55152,-1.1772,-0.99989,-0.79561,0.96923,-0.13497,0.11261
1.6286,-0.88044,0.78045,1.467,0.22048,-0.64224,0.7026,-1.5411
0.76963,-0.8796,1.1308,0.68959,-1.1939,0.66621,-0.4401,-0.65198
0.19707,0.45699,-1.4381,1.1647,-0.23727,1.4955,-1.0495,0.33102
-1.0299,1.6387,-0.72877,1.271,-0.25601,0.36137,-1.6672,0.66124
1.3583,-1.0564,-1.3732,0.7781,-1.4754,1.6126,0.67087,0.42763
-1.535,0.51132,-1.2017,-1.6536,0.16822,-0.78664,1.0513,-0.29851
0.55512,1.1663,-0.18102,0.92122,1.1042,-0.52882,-1.4423,-1.6564
0.16155,0.74471,-0.37889,1.1153,0.40511,-0.19087,-0.22139,0.17936
-1.2525,-1.0596,-1.01,0.096217,-0.46347,-0.014868,0.4549,0.65349
1.6364,-1.356,-1.485,1.5051,-1.6514,1.5237,-0.28195,0.039351
0.24072,1.3112,0.9305,0.90897,0.84374,-1.267,-1.0705,-1.7321
0.18996,0.42391,1.425,-0.42986,0.054976,-0.392,1.7129,1.2969
-1.397,0.81874,-0.37313,0.72219,1.3737,-0.34642,1.1479,0.044475
0.022987,-1.0188,-0.76308,-0.87416,-0.33513,0.72085,0.13112,-0.80158
-0.70653,-1.0077,-0.33751,0.39044,-1.0883,-1.0303,0.464,0.66316
-1.6344,-0.8685,-0.16418,0.85998,-0.88221,0.11933,-0.030865,-0.04321
-1.547,1.7348,-0.98427,-1.6543,-1.5456,0.2144,-0.060591,1.4358
-1.6757,1.1617,0.49608,0.67911,-0.55068,-1.2057,0.40845,-0.46476
-0.057874,1.0785,-0.51779,1.5248,-0.054606,-0.31651,1.4242,-1.7005
-0.47818,-0.72624,-0.88144,-1.0574,0.88772,-0.93228,1.4023,1.5828
1.3701,-1.6907,-1.403,1.1892,-0.73101,-1.1574,1.4187,-0.17002
1.6822,-1.1403,-0.057536,-0.83376,0.61041,-1.4376,0.09149,0.52955
1.3752,-0.87034,-0.092724,-1.5708,0.97489,-0.92903,0.52496,0.85104
0.48007,-0.19174,-0.113,-1.6968,0.42457,1.2054,0.74931,1.6362
1.4289,-1.149,-1.3946,-1.6347,-1.1666,1.1057,0.62894,1.4894
0.80733,-0.37395,-1.3171,0.75974,0.30235,0.95706,-0.29077,1.4035
0.78635,1.4943,-0.54278,-0.94039,-0.71686,0.75209,1.4913,-1.4696
0.40269,-1.4206,0.72283,0.4731,-0.069037,-1.0976,-0.15233,-1.3435
-1.7006,-1.437,0.67912,1.3008,-0.35952,0.31298,1.1945,0.85006
-0.26748,1.698,-0.78157,1.0746,0.38014,1.0634,1.0378,-0.091461
0.27689,0.58255,-0.60379,-1.4,-1.5289,-0.1035,-1.3667,-0.53705
-1.0627,1.6507,0.77722,-0.78913,0.49976,0.025161,-0.11763,1.706
-0.031158,1.5357,-0.13708,0.54633,-0.26441,-0.17816,-0.34681,-1.3706
-1.4947,-1.4938,1.078,-0.096983,-0.19359,1.0036,-0.48056,1.1062
-1.3643,0.98266,-0.84989,1.5969,1.5936,-0.65729,-0.58258,-0.43242
-1.2882,-1.5856,1.3214,1.3643,-1.674,-0.69622,-1.4203,1.4183
1.1365,0.88542,-1.73,0.7875,1.6639,-0.52248,-0.51023,0.40123
1.3184,0.12427,0.121,-0.6744,-1.5554,0.97476,-0.82275,0.82115
1.4895,0.84672,0.094072,-1.4137,1.2348,0.47867,-0.88129,-1.3899
-1.178,-0.096199,-0.076205,-1.702,-0.55011,0.19387,-0.89569,-0.97438
-0.6041,-0.86113,0.88785,1.325,1.163,-0.47072,1.0636,1.4697
1.6589,-0.49561,1.0017,1.2508,0.16016,-0.11576,-0.99655,-0.14011
1.7002,-1.2504,1.1466,1.5541,-0.7883,-0.37179,0.40777,-0.46323
0.80514,-0.38286,-1.4394,-1.6523,-0.86322,-0.33422,-0.53803,-1.3246
-0.93643,1.5495,0.58944,-1.7298,-1.14,-0.80345,-1.55,-1.3766
-1.4592,-0.83916,-0.7706,0.20894,-0.87268,-0.42699,0.18172,0.80976
1.285,-0.10311,-0.036209,1.1548,-1.251,-1.7077,-1.6733,0.033455
0.88378,0.93271,-0.70212,0.87007,0.89018,-0.55,-0.32846,0.91792
-0.36662,1.0703,0.58033,0.30688,-1.2715,-1.3878,-1.5496,-0.81577
0.62764,1.5199,-1.3539,0.38118,-0.57876,1.5671,0.6998,-0.71649
-1.4185,-1.2034,1.5961,-0.72144,-1.1745,-0.11414,-1.0123,1.4675
-0.86944,0.087674,-0.48826,-1.2203,1.0347,-0.27437,1.085,0.92425
-0.19556,0.27123,1.1963,1.5935,-1.4068,-0.53349,1.4568,-1.123
1.0099,1.1213,-0.88644,1.0229,-1.6773,0.35851,0.25933,1.4418
-0.98526,-0.46127,0.22354,1.5067,0.622,-0.14495,-0.78005,-0.42877
0.047939,0.7929,-0.81663,0.083539,0.22051,-0.10584,0.44764,0.82044
-0.34733,0.61163,-1.6488,-0.84439,-1.1885,-0.50243,-0.41268,-0.84449
-1.7228,-1.5122,0.28571,-1.7006,0.51892,-1.0111,0.6802,-0.607
1.3621,-0.67645,-1.2133,0.42733,-1.7027,1.5454,-1.3355,-0.15972
-0.78776,-1.6247,-0.52045,0.66507,-0.76234,-0.67789,-0.032563,-0.082022
-0.10106,1.02,-1.369,-1.1719,-0.58395,-1.008,-1.4511,-0.27556
-0.61365,1.6356,-0.56011,0.57097,0.20835,-1.5809,-0.93631,-0.69402
1.4159,-0.73249,-0.75254,1.3603,0.058294,1.0235,0.20565,1.1571
0.24945,-1.372,1.6612,0.92862,0.011684,-1.1446,-0.57075,1.7195
-1.6547,-1.2083,-0.74707,-1.4451,1.2044,0.12991,1.115,-0.39978
0.90027,1.1492,0.31134,1.1315,-0.84203,0.83635,-1.3478,-0.81328
0.41137,-1.7148,0.81216,-0.86196,-0.072335,1.0208,1.5179,0.80727
1.0964,1.036,1.6235,-0.58345,0.36459,1.7161,0.64601,1.6669
-1.1321,-0.38082,1.3741,0.30664,0.25817,-0.58702,-0.5388,-0.49271
-1.0346,0.73737,0.54444,1.2881,0.63547,-1.6873,1.6171,0.20027
1.6304,1.2477,-0.17453,-1.244,1.296,1.0984,0.35784,-0.41324
0.39803,0.13397,-0.61568,-1.2571,1.1521,-0.12627,-1.1591,0.61135
1.2335,0.4079,-0.18091,-0.76353,-0.42377,-0.74085,0.13316,0.57497
1.3225,1.496,-1.3588,-0.23242,0.17802,1.6043,-0.24507,-0.64618
1.1278,-1.7134,-1.3818,-0.11754,-0.14027,1.0114,-1.0943,0.73746
-0.30735,-1.2879,-0.26315,0.97327,0.21646,0.24886,1.6598,-1.7123
-0.35277,1.1318,-1.0809,-0.60888,0.35127,-0.56439,1.6435,0.052282
-1.4011,-1.3775,1.261,1.323,1.1879,-0.88614,-0.67613,1.2699
-1.303,0.75936,-0.52532,-1.102,-0.59028,0.86556,-0.60563,-1.6309
-1.3232,-0.53002,1.014,1.4803,0.40174,-1.4664,-0.15768,0.99742
0.71153,-0.76587,-1.1223,0.091637,0.67802,0.33489,0.96966,-1.4012
1.5392,-1.3529,-0.56395,-1.4992,-1.1225,0.94561,0.59776,1.5939
1.2051,-1.3887,-1.6476,0.075564,-0.35141,-0.58176,-0.010299,0.70589
-0.70758,0.074056,0.20984,0.87928,1.028,-0.58923,-0.61053,1.2287
-1.2354,-0.032186,0.40726,0.78047,-0.23203,1.4824,-1.3009,-1.4644
-1.1041,-0.16816,0.21222,1.3642,-0.57517,0.89255,-1.4243,-0.015139
-1.3478,-0.031508,-0.91466,1.661,1.2188,-0.26778,-0.54064,0.94891
1.4407,1.2207,0.88051,-0.043028,0.98924,-0.51532,-1.0135,1.3559
1.3088,-1.1598,-1.4561,-1.3127,0.21714,1.1764,0.33562,-0.69329
1.0754,-0.24599,-0.83707,-0.22909,-0.05139,0.95872,-1.6986,-0.59602
-0.30306,1.0892,-0.71171,1.3231,-0.90594,-0.22873,-1.5155,-0.92076
-1.5348,-1.5037,-0.98778,0.088297,1.5407,0.40383,-1.2989,1.267
-0.70005,0.3603,-0.72219,-1.2618,0.24489,0.081112,0.94529,0.025638
0.49901,-0.10642,-0.91343,-0.45987,0.95506,1.4169,-1.5285,-0.55276
1.7095,0.070626,0.17903,1.1382,-1.2043,-1.4542,1.4526,-0.16616
-1.3062,-0.43427,0.10961,0.69481,0.93118,-0.16486,1.5096,0.011795
-0.30703,-1.1341,-1.4544,-0.83597,0.82258,-0.88935,1.1194,-0.60876
-0.60203,-1.5126,0.22554,-0.83491,-0.31633,-0.49351,-0.59998,-0.071191
-0.48751,-0.29626,1.535,1.1403,-1.342,-0.76576,-0.49428,-1.2094
-0.88008,-0.17779,0.32825,0.46405,0.99712,1.1944,0.001684,1.054
-1.1133,1.3417,-1.7032,-1.4773,-0.54648,-1.3118,-0.80732,0.14167
1.0229,0.75875,-0.47359,-0.43539,1.0646,0.85269,-0.46657,0.92228
-0.0629,-1.2525,-1.0274,1.1515,0.027496,0.4334,0.70845,0.9622
-1.0053,0.36124,-1.1582,1.1624,-1.414,-0.14846,-1.4146,-1.4395
-1.4699,0.69097,-1.3454,-0.41427,0.63391,1.1719,-1.2694,1.605
-0.093318,-0.73235,0.21065,-1.4361,0.25912,-1.4486,-0.29552,0.82431
0.5327,-1.3075,0.61979,-0.91745,0.19121,1.5124,-1.7298,1.5782
0.11669,-0.93595,1.4973,-0.0033169,1.5849,0.66922,0.65145,0.65594
0.17113,-0.46038,1.479,-0.021342,-1.1437,1.6818,-0.85847,-0.22089
-1.1134,-0.21796,1.2038,0.90787,-0.042003,-0.30059,1.6975,-0.32529
-0.2327,0.64161,1.2427,0.81876,0.14315,-1.6317,0.25571,-0.43266
-0.4384,-0.042009,-1.0397,0.47851,-0.010905,0.68804,-1.719,-0.63429
-1.3877,-1.6666,1.4361,0.33721,-0.63237,-0.44827,0.97468,0.03993
-0.48665,-0.53173,-1.5579,0.22675,-0.41153,-0.14941,-1.3475,1.0869
-1.1071,-0.79646,-0.75677,1.2427,-1.6823,0.17624,0.051508,1.293
-0.23357,1.6513,-1.2266,-0.89383,-0.13715,-1.6878,-0.2071,-0.78134
-0.84185,0.95605,-1.5519,1.2745,0.9965,-1.5086,-1.3762,-0.50816
0.27801,1.4684,0.79525,-1.3262,0.41393,-1.6514,-1.6953,1.6397
-0.52033,0.99935,0.61728,-0.29884,1.3709,-0.034163,1.1298,0.46459
0.30922,0.51808,1.0733,-0.27296,-0.20724,-0.96652,0.59432,-0.44055
0.094593,-0.18383,1.0201,-1.1954,-0.1051,-1.5994,-1.1157,0.4727
-0.93253,0.069994,-1.1397,0.98216,-0.060384,0.86268,1.2524,-0.27264
0.85224,0.41445,0.60869,0.71287,0.71464,1.474,1.3469,1.0878
-0.097052,0.15318,0.63548,-1.6471,0.15426,1.177,-1.133,1.2234
0.62999,0.32588,-0.72917,1.4812,1.6406,-1.2485,1.5546,0.65796
0.17102,0.87259,-1.1858,0.068686,1.1385,-0.59152,-0.82843,-1.5894
-0.26606,-1.3935,1.2576,-1.5167,0.34485,-0.30338,-0.08429,0.62051
-0.68651,-0.90285,-0.68403,1.662,0.39573,-1.026,-0.77355,0.17741
0.65041,1.4825,0.86825,-0.65959,-0.085731,-1.4249,-1.3218,-0.60708
-1.3669,1.3004,-0.025688,-0.77586,0.85677,-1.0921,-0.059793,-0.77132
-1.5569,-1.4587,1.2064,1.6505,-1.2838,-1.585,-1.3373,-1.4073
-0.77037,0.77474,-0.60698,-1.2694,-0.14458,-0.78747,-0.20005,1.1387
-0.14767,-1.3111,1.0693,-1.4194,-1.3956,0.77001,0.43329,-0.80919
-1.2861,0.78092,0.43807,-0.39701,-1.5898,-0.67882,1.6117,0.4678
-1.2119,0.4156,-1.3768,-0.83555,0.86719,0.94913,0.62951,-1.4632
0.2017,-0.099473,1.3912,0.40964,0.20576,-1.0129,1.6929,0.6574
-1.3587,-1.0759,0.15819,-0.62572,-0.43688,0.039239,-0.51145,-0.11786
-0.96519,-1.4119,0.93555,-1.1711,1.0218,-1.5351,0.48123,0.10253
0.45707,0.085518,0.88228,-0.10439,1.2313,-0.66323,0.16388,-1.6808
-1.0658,0.55769,-0.28731,1.2327,-1.4777,0.93721,-0.98685,-0.85975
1.3523,0.83371,-1.3952,0.018057,-0.64289,-1.5898,1.6772,-1.2572
1.5187,0.16831,0.14173,0.30337,0.64305,1.3625,-0.10203,0.92696
-0.28411,0.20341,-0.27515,0.33101,-0.0031117,-0.23707,1.2743,-0.06604
-1.5018,-1.5411,1.6759,1.0935,0.52463,1.485,1.5263,1.3157
-0.59701,1.2685,1.5384,-0.89285,-0.013706,-0.1216,0.48695,-1.4939
0.29491,-0.23018,1.0799,-1.178,-0.42034,1.5552,-0.42633,0.59226
-1.1091,0.16063,-1.2199,0.95795,0.52342,0.72153,-1.1916,0.37234
-1.7063,1.1919,0.87753,-1.335,1.239,-1.1866,-0.90644,1.1884
-0.51386,-1.1164,-1.2731,-1.3218,-0.0015832,0.93239,0.26849,-0.19937
-1.1227,-1.2588,0.46416,-1.2057,0.24729,0.97293,0.27619,-0.56775
-1.2656,0.089106,0.86624,-1.1377,-1.1402,-1.5421,-1.0902,-0.63726
-0.15363,-0.67273,-0.40137,-1.4325,-0.29134,-1.6878,-0.87537,-0.91247
-1.2277,1.4699,-0.78352,1.0639,1.3816,-0.50815,-0.43958,0.88337
-1.2069,0.33945,-1.0558,0.19622,0.64462,1.5717,-0.19235,-1.1198
0.22781,1.3306,1.1059,0.77862,-1.4433,-0.83785,0.17296,1.3817
0.94078,-0.77923,1.7144,0.035122,-0.71058,1.3615,-1.4433,-0.6683
1.4816,-1.0865,0.76619,-1.494,1.5852,-0.87861,0.12838,-0.39669
-1.7461,0.88566,-1.7001,0.44829,-0.6648,0.96938,-1.5639,-1.306
