-0.99715,1.16,0.85265,-1.2493,0.36898,1.3418,0.98273,-0.11153
0.18299,-0.99345,-0.43718,-0.83322,-0.49572,0.78875,-0.22787,-1.5709
1.3853,-1.3364,-0.80816,1.4687,1.2864,1.661,-1.505,1.2028
-0.24938,-0.0078251,1.0601,-1.4653,-0.92938,-0.16783,0.80919,-0.041799
-0.7403,-1.5014,1.52,0.37612,0.69384,0.51639,0.63991,-0.19593
1.2667,1.3052,0.46659,1.5904,0.72045,-0.50262,-0.54293,-0.26941
-0.83814,-0.38404,-0.41658,1.3714,0.84303,0.037118,0.60096,0.79981
1.0379,-0.3279,1.2855,-0.8924,1.5864,1.4057,1.1934,0.33423
-0.87102,0.038735,0.52055,1.0995,1.2823,0.32636,-1.6278,-0.83404
0.4454,0.69222,1.1176,0.66501,-1.2903,-0.29865,-0.43069,0.06321
-1.7121,-0.86849,1.3055,0.97287,1.6284,-0.46319,-0.6668,-0.25516
-1.366,-1.1975,-0.29416,-1.4728,1.7152,-0.26362,-1.2777,-0.44279
1.1873,1.1248,-1.4468,0.08341,-1.026,0.92019,-1.0818,-1.217
-0.54538,1.5777,-1.6478,-0.010415,-1.3655,0.47748,0.23506,0.3567
-0.40193,1.3826,0.9333,-1.2227,0.5598,-0.14336,-0.19475,-1.2613
-1.4233,0.24341,0.19254,0.94781,-1.7342,-0.43902,1.392,-0.70392
-0.97413,-1.1821,-0.7249,0.81632,-1.0925,0.9549,0.18908,-0.14613
-1.707,-1.1389,-0.9665,0.96879,1.195,0.61673,1.3322,0.44413
-0.54412,-0.53891,1.4258,0.067018,0.44063,-1.1696,-0.20838,1.4018
-1.6213,1.3523,1.0684,-0.88578,0.31688,-1.3015,0.87585,1.2435
1.3778,-0.045539,0.8483,-0.67428,-0.33862,1.706,0.083818,-1.3359
-0.2563,-0.93791,0.89688,1.2098,1.5531,-0.51923,-0.83244,-1.1653
0.24568,0.34711,0.51328,-0.71952,1.3878,1.729,-0.22634,-0.38496
-0.73115,1.2237,0.18618,0.65239,1.3269,-1.1211,0.83688,1.7177
0.48202,-1.2909,-0.54016,1.3297,-0.3029,1.1631,-0.47713,-1.0419
-0.49967,-0.029649,1.4161,0.10575,-0.13181,-0.47558,-0.13857,-0.086581
1.0607,-0.22832,-1.4624,-0.83065,-0.1075,0.027053,1.4877,0.86318
-0.6152,1.3039,0.7744,1.1143,-1.1617,0.27392,-1.4399,-0.39432
0.80449,0.85014,0.19441,1.2314,0.41882,-0.85991,0.085934,-0.3843
0.36191,-0.17287,-1.2886,1.5125,-0.60512,-1.1428,1.4228,0.41643
1.0976,-0.61224,-0.82419,-1.7262,1.6844,-1.5736,0.44479,-1.539
1.3653,0.58738,-0.44733,-0.35798,-1.3415,-0.76073,-1.6376,-0.53223
1.5666,-0.52417,0.14479,0.17057,0.99454,-1.6775,0.081479,-1.5417
1.4678,0.64845,-1.0316,1.2344,-0.81872,0.33121,-1.3619,-0.7815
0.6077,0.85209,0.2843,-1.6252,0.10812,-1.6023,0.53347,1.2984
-0.24694,-0.12261,1.2465,-0.010494,-0.84225,-1.3491,0.5383,-0.27027
0.10634,-1.4209,-1.2591,-1.377,1.2888,-1.0715,-1.7115,0.96804
-1.38,-1.2356,-0.71179,-0.23988,-1.1495,1.7139,-0.28612,0.32303
1.0761,0.34537,0.44175,-0.92407,0.46798,-0.85244,-0.49711,-1.422
-0.24126,-0.89078,0.86168,0.22602,0.97649,-0.34931,-0.18891,1.2924
0.041051,1.0314,-1.0437,-1.0509,-1.4272,-0.35503,1.0692,0.15536
-0.50342,-0.78879,0.35587,-1.0024,-1.2334,-0.90191,-1.3962,0.19715
0.74402,-1.1311,0.57286,-0.21816,-1.6033,0.94286,-0.82563,0.56161
-0.44995,-0.56251,-1.2876,1.6041,0.64078,0.067122,-1.6739,-0.99873
-0.45589,0.28909,-0.66165,-1.5503,-1.2554,-0.085423,0.62395,0.59599
-0.14645,-1.1853,1.0966,1.0192,0.064026,0.80933,0.56759,-1.2465
0.23803,1.2352,-1.1843,0.27747,1.5591,1.3428,1.6573,-1.067
0.88026,0.023184,-0.94605,0.062111,0.25892,1.0784,1.3625,0.16197
-0.27728,1.2448,-0.86504,0.12735,0.7037,0.80579,1.5218,0.84871
-0.90274,-1.3054,1.1431,1.2873,0.89295,-0.17176,0.40402,-1.1828
-1.5757,-0.064014,1.5206,-0.13349,-0.71169,-1.4894,-1.208,0.99797
-1.0898,-0.96504,0.7507,-1.5559,0.71937,-0.23004,-0.85693,-0.45538
-0.77366,1.6528,-0.71484,-1.324,-0.42237,-0.31319,-0.86159,-0.17835
-1.182,-0.55051,-1.2863,0.10494,1.111,-0.52319,-1.6625,-0.92142
1.2332,0.74501,-1.074,0.54927,0.73805,-1.4511,0.84461,-1.549
1.1487,0.35022,-0.50276,1.2723,-1.1946,-0.063215,1.0264,1.1442
-0.026476,0.57991,-0.25588,-1.6165,1.6828,-0.30975,0.91342,-0.063885
1.0927,1.2769,-1.691,-0.94962,-0.9435,-0.65524,1.446,-0.069846
1.4657,0.078626,0.44246,1.3175,1.3998,0.29904,0.80242,0.80802
1.2201,1.0378,0.76382,-0.93837,0.0026893,-0.55219,0.073486,-1.3665
-1.0743,-1.5798,-0.46849,-1.214,-1.1314,0.97523,-0.13011,-1.6118
-1.3656,0.02978,1.0325,-0.12447,-0.54929,-0.72375,-1.0327,0.93123
-0.30229,-0.095419,-1.2997,0.32083,-1.6332,0.04118,-0.069293,0.73068
-0.11455,-0.73587,-1.1631,-1.1117,0.80261,-1.372,-0.70447,1.5273
1.0647,0.84402,-0.73095,-0.70697,1.3786,-1.6275,-0.44224,0.44718
-0.17651,-0.59807,-0.42434,1.115,1.2861,0.83007,1.6506,0.1125
-1.3601,-0.66901,-0.46354,-0.50435,-1.74,-0.43369,-0.0025386,-0.93944
-0.11186,-1.174,0.18427,-0.81601,-1.2144,1.4736,0.23135,1.3532
-1.5421,0.098094,0.43324,-0.83811,-1.7183,0.71929,-0.082328,-1.5027
1.3502,-0.31021,-0.26222,1.5124,-0.69288,1.5592,-0.77706,-1.1745
0.039104,-1.4146,-1.4462,-1.3974,1.0837,0.44643,-0.83452,-1.5161
0.094717,-0.44663,0.085046,-1.5378,-0.90886,-0.37971,-0.19203,1.5652
-1.3891,1.4497,1.4767,-1.0726,-0.38139,0.72507,0.81904,0.61269
1.6565,1.5316,0.29457,1.6523,-1.0945,-1.6868,0.49315,0.090226
-0.071557,-1.3832,-0.4176,-1.012,0.48431,1.1484,0.62248,-0.68491
1.4012,-0.23731,1.4041,1.15,-0.72207,1.4391,-0.41996,-1.3872
-0.41852,0.87851,1.3529,0.62093,0.086864,1.1709,-0.66319,-0.3439
-1.6805,-1.726,0.49082,-1.1548,-0.20333,0.69611,-0.92538,-1.6289
-0.23598,0.015105,0.62581,-0.63662,-1.0428,0.40933,0.91552,-1.5249
-1.1276,0.55131,-1.1341,0.99675,-0.044807,-0.0075596,-1.0975,-1.2574
0.15512,-0.030861,1.5201,1.6032,1.2598,-0.07934,1.6419,-1.5972
-1.2904,-1.1468,-1.0411,0.23561,-0.52244,-0.39216,-1.0322,0.77585
-1.0626,-0.1361,-0.72489,1.6047,-1.2058,-0.67325,-0.7968,0.50633
-0.37303,1.4747,-1.1015,0.85951,0.10484,-1.6119,0.76958,-0.36503
0.5589,-1.451,-1.0762,1.6801,0.36933,1.4301,0.75013,0.28226
0.48553,-0.14068,-1.5421,0.82339,-0.40822,-1.0726,-1.266,1.2101
1.2677,-0.19752,-0.42633,-0.43494,1.5752,0.11579,1.3615,0.20414
-1.2699,1.7011,-0.1432,1.14,1.1734,-0.80447,1.7132,-0.41479
-0.21683,0.55999,0.8171,-1.6448,0.63745,0.60921,1.6012,1.5439
-0.77273,-1.5648,-0.26474,-0.27631,0.81967,1.3777,-0.65417,-0.6161
-1.7003,1.6092,-1.1135,0.17229,1.6291,0.906,-0.74816,-1.4666
-0.3014,-1.5705,0.34817,-0.87916,1.1964,-1.163,1.1456,-0.41636
-0.58855,1.5444,-0.99661,0.35077,-1.0566,0.30121,-0.68478,0.058134
-1.7305,1.7121,-1.1261,0.52814,-1.6894,0.04191,0.087612,1.7028
0.10481,-0.42104,0.92913,-0.89204,1.7166,1.1888,1.6284,-1.3302
0.80952,-0.027185,0.77513,-1.3616,1.08,0.47347,1.6259,0.721
-1.0736,-1.0029,0.94831,-0.16251,-0.59618,-0.14745,-1.0327,-1.4529
1.2247,-0.26477,0.65567,-1.6643,-1.0712,-1.2947,-0.23106,-0.68229
-1.0105,-0.25326,0.26683,-0.12683,-1.4176,0.89433,-1.2895,-0.42174
0.45086,1.0317,-0.10571,-1.3351,0.23282,0.56547,0.34035,-0.82715
-0.19266,0.74495,1.3272,0.47132,-0.37236,-0.30741,-0.41126,1.6806
0.62783,-1.2616,-0.062561,-0.80693,-1.4606,0.99949,-0.40476,1.3907
-1.197,-0.62434,-0.49886,-1.1475,-0.22778,0.39416,1.1608,-1.4622
0.71234,1.6087,1.5639,-1.3968,1.3882,0.31272,-0.10893,-1.2597
1.6015,0.15853,-1.1362,-0.2118,0.84529,0.51909,-0.23144,-0.14996
-1.6852,1.0505,-0.19218,-1.2517,0.12561,-1.4812,-1.5403,-1.6266
-0.072549,0.92491,-0.48601,-0.83693,-1.5931,-1.0623,-0.13263,-0.13328
1.0143,-0.63284,1.5886,1.5184,-1.6308,0.11023,-1.7306,1.0836
0.14901,0.093898,-0.1637,1.2942,0.80305,0.2005,0.49373,-0.74635
0.88283,-1.4027,0.03617,-0.41314,-0.015481,0.16602,-0.80432,-1.4423
0.40585,-1.2332,-0.74876,0.1793,1.2059,-1.6648,-1.2918,1.3931
-0.19485,0.91596,1.7118,-0.12855,-0.71838,-0.29125,-0.28557,1.6259
0.97373,0.36949,-0.51242,-0.65629,-0.4369,-0.74441,1.3154,1.616
0.15672,0.49114,1.4277,1.1352,0.61201,-1.7076,1.5175,-1.3696
-1.0617,0.080444,-0.87636,-1.0082,1.4139,-1.6931,1.058,-1.6775
0.94395,0.4013,1.5376,-0.35324,-1.2452,-1.4762,-1.6671,0.84759
0.35504,-1.2424,-1.1795,0.30154,-0.84036,0.50409,-0.29581,1.6119
-0.5205,0.62622,1.3725,-1.0611,0.019602,-0.22754,-0.51162,-1.4009
-0.62713,-1.3871,-0.16691,-0.96145,1.2451,-1.0368,0.097115,0.54192
0.52783,1.3742,0.33424,0.45579,1.2018,-1.3492,0.20731,-1.4444
1.3428,0.17808,-1.0616,0.57798,1.3481,-1.0985,0.6166,-0.23928
-1.2196,0.22785,-0.0061302,-0.27717,-1.1784,0.66038,0.017217,0.0041315
1.4766,-1.6373,-0.97371,0.95404,-0.60009,-0.74111,0.66413,-0.47292
0.87665,-1.0363,-1.083,0.56441,-0.75418,0.96752,0.65424,0.25226
-0.037223,1.6275,1.1617,-0.75825,0.044706,0.78427,0.073246,-1.2856
1.2814,-0.14504,-0.27864,1.0182,-0.51488,-0.17282,0.79973,-0.11953
-0.90289,0.66611,0.78105,1.2881,-0.051428,-0.68877,-0.14474,0.050543
-1.0102,0.28866,0.39092,1.6179,0.17327,0.28536,-0.10907,0.13271
0.3947,1.1432,1.4917,0.58793,1.2157,-1.647,-0.51076,-1.4057
1.3043,-0.53737,0.56351,0.94712,-1.271,0.44183,-1.1878,1.4564
-1.4561,-0.88169,-1.361,-1.4717,1.5978,-1.0475,-0.9359,-1.207
1.6802,-0.82594,0.6246,-0.536,-0.34915,0.88495,-1.1668,1.6801
-1.6312,1.0345,1.2349,-0.94468,0.050066,1.3682,0.8829,1.2265
0.11374,0.10806,-0.41617,-1.3782,0.38039,-0.3935,0.78537,-0.48965
-0.021645,1.6789,-1.667,1.3556,1.1968,-1.2283,0.84002,0.10926
-1.3236,1.6077,1.6719,0.10079,-0.14927,1.3389,0.4698,-0.90068
-0.024002,0.33474,1.3592,-0.46481,-1.4895,1.3309,-0.44127,1.6481
-0.37461,0.80777,-0.35529,-0.23937,0.86697,0.5726,0.21714,1.2326
-1.0207,-1.1607,0.86259,-1.7004,0.95581,-1.1522,1.487,0.018445
0.63703,-1.111,-0.70896,-0.64052,0.66015,0.22283,1.5083,-1.4033
-0.28074,-0.6218,-0.0022887,-1.1994,0.3078,-1.2445,0.1143,-1.623
-1.3555,-0.48416,-1.3062,1.105,-0.16997,-0.60929,1.5537,-0.84981
-0.39647,-0.60678,1.0094,0.91724,-0.83312,-0.76067,-1.3235,-0.59435
-1.2302,-0.57991,-1.1791,1.6626,1.6157,-0.83377,0.59023,-1.2064
-0.52396,-0.87029,0.32505,1.4714,1.5857,0.53002,0.87311,-1.2977
0.069261,0.98552,1.6507,1.6948,0.45627,-0.11299,0.092537,-0.90318
-1.5634,-0.022657,-0.32071,1.755,1.0206,-0.95635,-0.91535,0.50509
-1.4571,0.13085,1.6009,1.1243,-0.7828,-1.1569,0.26197,-0.045279
-0.38832,1.5265,1.0189,1.3021,1.3466,1.6722,-0.99518,-0.6766
0.59936,-0.71027,0.55308,0.6771,1.0966,1.1883,0.50631,1.5481
0.82461,-1.4789,0.76233,0.43857,0.33359,-0.2737,1.6797,1.53
0.66222,1.0909,-1.7568,0.66287,1.2266,-0.68001,-0.78838,1.5054
-1.2728,0.69686,0.44582,1.4472,1.0128,0.99122,-0.64931,0.51044
1.5466,-1.4683,1.5326,-0.35471,0.75534,0.55403,-1.4052,-0.14608
-1.2514,-0.54315,-0.11163,0.88032,0.048511,0.080177,-1.4075,-1.1785
1.0922,1.6889,-1.3304,-0.56661,1.5028,-1.4211,0.52516,1.3266
-0.43855,-0.77882,1.4006,-1.372,1.3181,-0.044252,1.5801,0.12676
-0.6319,0.77226,-0.21498,-1.3926,-1.0271,-0.015617,-1.0485,-1.3193
0.21517,-0.71063,-0.22146,-1.621,-0.27159,-0.60522,0.8672,0.55974
0.73603,0.99165,1.6948,0.41713,-1.2451,0.09524,0.89129,-1.119
-1.6386,-1.2236,-0.95106,1.1585,1.6565,-1.5555,-0.034149,0.88881
-0.53214,-1.3116,1.255,1.7165,-0.48526,0.2639,0.5584,1.048
0.40019,-0.082601,1.5121,0.31349,-0.077411,-0.74145,1.0525,-0.89379
-1.3931,0.23004,-1.6444,-1.0485,0.17922,-0.030646,-1.1171,0.23238
0.9376,-0.88793,-1.3961,-0.12975,-1.0696,1.3593,0.18637,0.020933
1.3475,0.95073,0.67006,-1.0132,-1.118,-0.37788,-1.4549,-0.24667
-0.28919,0.13484,-0.12157,-0.25889,0.15103,0.30069,0.92313,1.0973
-1.1137,-1.4181,0.381,0.86284,1.3876,-0.52111,-0.2597,-1.2644
-1.7146,-0.6386,0.41346,1.4591,0.60883,-1.4543,-1.106,1.7186
-0.71049,1.3189,-0.64693,-1.6362,-1.5527,0.75004,0.3154,1.1387
-1.3798,0.69605,-0.64441,-1.522,-1.654,-0.035457,-1.6515,0.63751
1.1795,0.11964,0.57892,-0.96985,-0.30128,-1.0014,1.6951,-0.63559
1.4444,1.168,1.4731,-0.85989,-1.2375,-1.0677,0.24362,0.20556
-0.73303,-1.1379,-1.5205,-0.94982,-1.2387,-0.72078,0.42939,1.1243
-0.79413,0.70064,-0.6384,-0.88844,-1.2312,1.463,0.16765,0.47754
-0.90868,1.2907,-1.6988,-0.36682,-1.2715,-0.37107,-0.45448,1.5426
-1.247,-1.3299,0.50926,0.67571,0.88172,0.85393,1.0809,0.55159
1.4163,0.86906,1.45,1.0928,-0.58297,-0.95027,-0.15273,-0.041323
0.32306,1.1916,-0.84915,1.5018,0.04151,1.4268,0.17475,-1.3624
-0.48624,-1.0002,-0.30522,0.99185,1.4433,-0.39829,-0.85784,-0.65639
-0.17321,-0.10328,1.3012,-0.88857,1.7058,-0.71253,-0.63512,0.97148
0.30254,-1.4345,1.3419,-0.52014,1.307,0.031399,-0.28704,0.21469
0.64978,-0.66259,0.97555,0.1699,1.5344,-1.2838,0.32111,0.54869
1.0413,1.3054,0.6791,-0.35077,0.99367,0.095152,-1.7349,0.024798
-0.021767,1.729,0.82302,-0.58911,-1.5025,0.18332,0.079298,1.7191
-1.4723,-0.070301,0.61114,-0.58369,-0.34053,1.5574,-1.3599,1.5978
-1.4372,-1.3166,0.77632,0.18932,-0.23047,1.6807,-0.46599,-0.86459
-0.062345,-1.2217,0.57636,0.46499,-0.0050358,1.5754,-1.0664,-0.75037
0.62554,1.3372,1.4586,0.41304,-1.203,0.63316,1.4017,-0.5981
0.6831,1.0608,1.3907,-0.79421,-0.55694,1.2927,1.7095,-0.56978
-0.70614,-0.00013469,0.95123,1.1046,-1.4391,0.51345,1.7046,0.49781
0.13921,0.33223,1.2999,-0.80653,1.4121,0.98224,0.99839,-0.87115
1.2718,0.85825,-0.77457,-1.3112,-1.7063,-1.3485,-0.5236,0.35162
-0.1987,-0.78334,0.8252,-1.2363,-0.55527,-0.24035,-0.25058,0.88632
0.42647,1.3742,-1.7495,-1.5451,0.78184,-0.57737,1.3637,-0.04191
-1.5134,-1.6956,-1.6142,-1.4176,-0.078365,1.4153,-1.1222,-0.15384
-1.6226,0.67105,0.99241,1.3154,-1.1836,0.28405,-1.5449,0.98049
-1.3314,-1.6384,-0.090493,-1.6429,1.7102,0.65846,-0.7384,-0.44877
0.17919,1.5784,0.39553,-1.1051,-1.2302,1.185,0.85931,-0.5021
0.20116,0.70366,-0.70085,0.69753,-1.3348,-0.22648,-0.90853,1.5923
-0.61454,-0.20058,-1.4758,0.81213,0.48432,-1.3382,0.84915,1.3922
-0.73257,0.9391,-0.32842,-0.56226,-0.35312,1.1087,-0.64963,0.06823
0.37767,0.26624,-0.60997,-1.3352,-1.4756,-0.69629,-0.029305,0.32487
0.12865,-0.76335,0.25661,1.7475,-0.8851,0.0088223,-0.49278,-0.058391
0.034685,-1.5644,-1.6668,-0.23763,1.0404,0.12197,-0.85008,1.4701
-1.0255,-1.6779,-1.5193,-1.6449,-0.87131,0.38968,0.10411,1.3186
0.80903,1.711,-0.2039,0.79862,1.3342,1.6251,1.4376,0.12592
0.27016,0.38304,0.67722,-1.6171,-1.2497,0.17474,0.17943,-0.062747
-0.60844,-0.79264,1.4772,0.96462,-1.4759,0.66762,0.94881,-1.6942
1.3755,0.45018,1.6558,-1.4232,-0.48092,1.095,1.3895,-0.69401
1.1496,1.4279,-0.07668,-0.43302,-1.3632,1.5567,0.28615,-1.2265
-0.61238,0.75432,0.30774,-1.5821,0.54553,-0.82814,-1.5309,0.43305
-0.63917,1.2563,-0.70332,1.1736,-1.4272,-1.0175,0.65337,-1.7012
-1.0261,-0.95108,0.52642,0.8809,1.6682,1.272,0.20163,1.4493
-0.26438,0.73458,-1.7024,-1.2517,1.0251,-0.42699,0.64348,-0.77029
0.95534,-1.5258,-0.27472,0.25201,-0.42814,-1.6986,-1.531,1.2745
1.1847,-1.105,-0.86671,-1.648,1.4575,0.86294,0.6476,-1.5645
-0.29131,-0.37115,-1.2504,0.070462,-0.19257,0.75522,0.084948,-1.7186
-0.63079,1.0668,0.91048,-1.0132,-0.31606,-0.27914,1.3062,-0.69634
0.80779,-1.4544,-0.54448,0.84014,0.26459,-1.6496,-0.17804,0.9758
-1.2342,1.4099,-0.73508,-0.70111,-1.3641,-0.075548,1.4193,-0.33961
-0.3899,1.0062,0.68239,-0.018833,-0.18013,0.72624,-0.95487,1.1026
-1.4828,0.32749,1.1906,0.53553,0.95698,1.1354,-1.0167,-1.3244
-0.0081431,0.55057,-1.192,-0.37189,0.81893,0.65751,-0.76962,-0.68512
0.24576,1.0633,1.0033,0.6271,-1.0885,0.69707,-0.58116,0.77911
-0.49532,-0.78332,-0.94553,0.89676,-0.064471,-0.38441,0.78156,-1.0578
0.97162,0.1016,-0.781,1.0406,0.2028,0.54812,-0.24125,-1.0585
0.7786,-0.59087,0.28239,0.066876,-1.4749,1.6736,0.64184,-1.4743
1.1322,-0.58303,-1.078,-0.89355,-0.58615,0.4359,0.069615,-1.2704
-0.8285,1.259,-0.37737,1.5453,0.45254,0.53347,1.4009,0.90468
-0.094679,-0.8866,-0.6405,-1.3462,-1.3366,0.30933,0.74024,-1.347
1.6033,0.036624,-0.97315,0.27502,0.026906,-0.27702,-1.0434,0.12667
-0.2983,-1.0844,0.38724,-0.47669,1.4884,-1.0473,-1.5317,-0.44173
0.14673,-0.19629,0.92184,0.26441,-1.3895,0.43874,-0.41532,0.91311
1.079,-1.3258,0.76465,-1.0854,-1.0392,-1.1959,-1.3232,-0.63503
0.034094,-1.1551,-1.3766,0.78712,1.0433,0.2109,0.72827,-1.6325
0.04492,-1.0257,-0.77348,-0.85546,1.3377,0.89627,0.49382,0.15459
1.6558,-1.0379,-1.4815,-1.4631,1.2065,0.13213,1.1193,-0.31007
-1.4731,-0.062913,-0.64235,-0.80577,-1.5509,-1.0959,-1.2354,-0.30051
1.7083,-0.63896,-0.93978,-1.5719,1.6114,1.4291,0.97399,1.5252
-1.269,-1.0942,0.62172,0.37889,-0.0714,0.58826,0.73066,-0.66216
-1.2038,-0.078586,-1.1881,1.4737,0.42955,0.44339,0.22989,-1.1635
-1.1972,1.6037,1.563,-1.0517,-0.95368,0.90487,0.70694,-1.0112
0.10232,-1.5888,-1.0856,-0.85062,0.23326,-1.4947,1.0185,-1.2832
1.1622,1.5659,-1.4805,0.72015,1.5699,1.2762,-0.21275,-1.5776
0.85561,-0.98273,-0.98823,1.3343,-0.12119,1.4937,0.86241,-1.0802
0.30707,1.0836,0.89383,0.954,1.701,1.5458,-1.6651,-0.88444
0.015744,1.485,1.2658,-0.92387,-1.0335,-1.3559,-1.5776,1.0673
1.51,0.78988,-0.3671,1.3313,-0.27697,1.6881,-0.58055,-0.59544
-0.65937,0.30271,-0.2453,0.97423,1.2303,1.5595,-0.50846,-1.3304
0.15875,1.6673,0.64358,-0.95994,-0.64989,0.51412,-1.2759,1.5402
0.51771,-1.1144,0.33738,1.688,-0.10468,1.5888,-0.34882,1.102
0.42526,-0.34138,1.6085,-0.22566,-0.32199,-0.26352,0.29224,1.2945
1.603,-0.6838,0.37014,0.87823,-1.5039,1.65,-0.57608,0.64693
-1.5891,-0.26264,0.005031,0.74408,-1.5591,-1.6033,1.2876,1.1205
1.1877,-1.3321,-1.4264,-1.2252,-0.44187,-1.6802,-1.2168,1.4267
-1.6799,0.093033,-1.6232,-0.52712,-0.12683,1.2225,0.77173,-0.76501
-1.453,0.44653,0.10281,0.035072,-0.66484,0.50748,-1.3733,0.93833
1.3097,1.326,-1.7469,-1.2998,1.2453,-0.518,-0.29255,1.2838
-0.31685,1.2644,0.74836,-1.0373,1.1454,0.11448,0.40124,-0.82824
1.22,0.60114,-1.7689,-0.90835,1.6236,0.44813,-0.67033,-0.5678
0.14764,1.3059,-0.084857,0.53246,1.529,-0.89294,0.26722,0.72423
1.1231,-0.73423,1.238,-0.12985,0.42378,-0.58606,-0.1848,-0.984
0.355,0.19869,1.1835,0.0052047,-0.51561,0.43304,0.75904,-1.3088
1.532,-0.39927,0.33141,1.0283,-0.35374,1.3988,-0.0034656,-0.39513
0.68222,-0.25985,-1.0122,-1.0389,-1.3663,1.3576,1.3157,0.83214
-0.39537,-1.7074,1.4808,-1.3464,1.0522,-0.2359,1.5386,-1.6436
-1.1777,1.4665,-1.0869,1.2914,1.6013,0.79611,-0.56168,-0.74253
0.48394,0.1921,-0.64694,-0.57211,-0.26268,0.92648,-1.1092,-0.93865
-1.3294,0.53401,1.2243,0.54451,1.0056,-0.12693,-1.2158,-0.41335
-1.3865,-0.0089717,1.0332,1.4711,0.12493,0.31143,-0.8119,0.91701
0.091092,1.5907,0.28691,-0.091251,0.46611,-0.7178,-1.1425,0.31172
-0.03594,0.12477,-1.6043,-0.74636,-1.4852,0.60112,1.2711,-1.2906
-1.0191,0.046822,-0.95292,0.93194,-0.4635,-1.2396,0.4672,1.2214
0.9575,-1.2766,-1.5622,-0.20954,-0.4241,0.92892,-0.69771,1.0982
-1.4751,-1.1203,-0.33719,0.69133,-1.6962,1.3621,-1.4253,0.80743
-1.6834,0.32853,0.36672,-1.5157,-1.1703,0.65165,-0.23084,-0.32514
-1.2569,-0.78247,0.38012,1.5147,0.64808,-0.32441,1.598,1.5088
1.0232,1.0379,-0.89405,-0.55241,1.1674,0.68918,1.2716,-1.368
-0.60118,-1.187,-0.063202,-1.2334,0.80048,-1.6221,0.53091,-0.99231
-1.5984,-1.5036,0.19837,0.36328,0.74382,1.2331,1.275,-0.51139
0.44058,-1.7056,1.4465,0.71569,0.17272,-0.58628,0.69146,-0.99491
-0.19143,-1.168,-1.0569,0.74082,-1.6474,-1.1816,0.52547,0.87599
-0.19284,1.2806,0.45239,-0.61782,-1.7233,0.28204,0.28385,0.50931
-0.38173,-0.46326,0.58566,1.0726,0.68628,-1.4816,-1.4068,1.2362
-1.7444,1.3682,-0.98033,0.70901,-1.4359,0.10491,0.4924,1.3072
-0.71535,-0.73594,-0.72695,1.4883,-0.36173,-1.065,1.4161,1.272
-1.3679,-0.71593,-0.87861,1.1126,-0.18828,-0.095199,1.4829,-1.51
0.73031,1.4542,0.45864,0.61937,-0.52366,-0.63917,1.6081,0.25425
0.02318,-1.6865,-1.5183,1.7008,-0.069154,-1.3526,-1.5636,0.30336
-1.7284,0.5301,-0.3271,-0.95878,0.97173,-0.61122,1.6364,0.89779
1.4193,-0.1659,-0.45051,-0.41911,0.47504,-0.6397,1.0873,-0.22267
-0.7433,-0.27673,0.098147,0.88769,0.55102,-0.57828,0.96675,-1.5206
-0.30907,-1.5235,-0.79215,-0.35729,1.2166,0.30667,-0.55317,0.17164
-0.60083,-1.4239,-1.3843,0.099824,-1.3076,1.4119,-0.92994,-1.4871
0.12939,-1.54,0.29301,-1.2888,-0.31528,-0.60474,1.5189,-0.073053
-0.21203,0.72172,1.3043,1.6903,0.30387,-0.38491,-1.6535,-0.16721
-0.35418,-0.85952,-1.6479,0.74375,-1.7403,1.6447,-1.3345,0.75831
-0.22659,-0.97277,-0.30302,1.0278,-0.096817,1.2512,-1.225,-0.63604
1.2034,0.56782,1.6655,-1.4816,-0.87285,1.5105,1.2201,1.2388
1.5966,-0.79446,-0.40187,-1.5057,1.5803,-1.1276,0.24879,-1.2263
1.0792,-1.3134,0.67277,0.43926,1.6826,-1.3063,1.3209,0.0031135
1.1958,0.38145,1.1324,1.2626,-1.3546,1.1815,-0.45884,-0.010028
-1.698,-1.222,0.52418,-1.7243,1.1266,1.3905,-0.29387,-1.4927
0.5496,0.4895,1.6319,1.025,0.10485,-0.47158,-1.5518,-1.308
0.76736,0.4524,0.26449,-0.16667,-1.1799,0.72221,-0.85784,1.3596
0.4409,0.015593,-1.2535,0.4451,-1.6187,0.59648,-0.40924,1.6464
-0.99623,-0.21125,1.2543,-0.85438,1.58,-0.21861,-0.28873,-1.1306
-0.037848,-0.40878,0.21883,-0.72451,0.055761,1.3024,0.049922,0.032759
-0.89376,-1.468,0.084224,0.9502,-0.63742,0.34456,1.515,-0.85159
-0.65521,1.2936,1.2911,1.7461,0.34522,0.82968,0.34274,-1.641
-1.3404,0.17934,0.61384,0.86478,1.5062,1.6274,-1.4879,-1.7106
-1.1818,0.70059,1.4414,-1.6862,1.19,1.1479,-0.77619,-1.0733
-1.2374,-0.14633,0.82051,-1.3691,-0.065673,-1.0018,0.76197,0.91027
-0.72675,-0.54331,0.71611,0.10114,-0.69382,-0.11703,-1.3665,-0.6904
-0.12364,0.078558,1.5611,-0.26365,1.4009,0.90018,-1.3284,0.32087
-1.2608,1.0645,-1.1825,-1.6438,-0.21377,-1.1775,-0.032816,1.6251
0.24188,-1.3673,-0.22003,-0.15505,1.3247,0.36774,1.338,-0.75442
-0.31521,-0.21131,-0.070865,0.79291,-0.4437,-0.2771,-1.2258,-1.5026
0.17535,1.5568,0.75781,1.6859,-0.63862,-0.62272,-0.79006,-0.83473
0.063913,-1.2225,-0.17141,-0.31915,0.78179,-0.067463,1.6837,-1.4102
0.08636,-0.59089,-1.6254,0.19105,1.387,0.2612,0.054494,1.1908
-1.1063,-0.81827,0.6347,-0.28261,-0.45602,0.078073,1.2763,0.70902
-1.557,-1.4785,0.8052,-0.75069,1.5791,0.91764,-1.6203,-1.7088
-1.1861,-0.8824,-1.6169,-1.2567,0.0082855,-0.014819,-0.60866,-1.5085
1.3399,0.61431,0.072257,1.519,1.1788,-1.1724,0.96761,-1.2751
-1.0604,1.5825,-0.83052,1.2943,-1.1361,1.6618,0.99377,0.9665
-1.5442,-0.75163,1.2113,-0.68085,1.037,-1.2637,0.35354,-1.709
-0.32176,-1.0895,1.3893,-1.17,-0.85883,0.64997,1.2851,-0.28478
-1.2097,1.2013,-0.11403,-1.242,1.0544,1.0534,-0.29737,-0.47443
-0.47145,0.37986,-0.78117,1.0682,-0.90816,-0.138,1.4245,-1.6117
-0.83435,-0.72437,-0.61488,1.6895,0.46819,-0.17835,-1.2385,0.88007
1.4778,0.73732,0.010952,-0.46869,1.4935,0.60143,-0.71494,-0.18414
-0.02729,-1.5522,-1.1291,0.26259,1.5257,-0.028981,-0.6434,-0.16968
0.48625,1.3872,-0.66362,-0.82675,-0.67876,0.107,0.91603,-0.86499
1.1503,-0.53687,-0.94733,1.4671,-0.22728,1.2819,-0.37855,1.6176
-1.0719,0.27201,-0.66858,0.66065,-1.6944,0.70982,-1.3638,-0.015865
-1.2224,0.57614,1.245,-0.9754,-1.5392,-0.27192,1.381,-0.29342
-0.48705,0.74752,-0.83728,0.75746,0.3035,1.223,-0.49409,0.25606
-1.4581,0.58226,0.10446,-1.2929,0.20583,0.17675,1.4504,-0.70762
1.4715,1.5423,1.0353,1.1509,-0.74729,-1.068,0.13514,1.3042
0.55107,-1.3962,-0.81819,-0.86177,-1.5036,-0.64808,0.99591,-1.5261
-0.7122,0.23138,0.48734,0.74726,-1.3601,0.67215,1.0391,1.0899
0.49149,0.57462,1.4805,-0.54114,-1.2432,-0.39767,0.98788,-1.3544
-0.21478,1.5853,1.0759,0.46913,-1.2633,-0.82525,1.0744,-1.4564
-1.7138,0.18599,-1.7009,1.0628,-0.86078,1.6575,-1.5732,1.1509
-0.041874,-1.1632,1.2353,0.68993,1.2274,-0.35935,0.40896,0.52233
-1.3877,1.7382,-0.53607,-0.87197,0.74733,-1.4144,0.47861,-1.6182
0.55968,-1.5624,-0.2307,-0.69701,-0.17444,0.69773,1.6333,0.4783
1.6985,0.92685,-0.49572,1.2604,0.99926,-0.42826,-0.70001,1.5826
-0.86125,-0.84454,1.2085,-1.4875,-0.94014,-0.25269,1.6099,-1.1038
1.1845,-1.4246,0.77949,1.0608,0.18385,-0.41503,0.99428,1.7193
0.12879,-0.29167,1.2037,-0.04302,1.6945,1.6601,0.48336,0.64864
0.86597,1.057,-0.031481,0.71038,-0.91705,0.22966,0.47683,-0.33004
-0.11847,-0.21327,0.58056,1.6437,-0.33061,1.2532,-1.1371,0.75619
0.71092,-0.21757,-1.0968,1.4715,-0.18661,-0.90476,-0.73835,-0.19572
-0.22039,-1.1601,1.1669,0.26596,0.9154,0.93025,0.91664,-0.89776
0.41921,-0.61093,-0.080912,1.1666,0.93267,-1.1014,1.399,-0.78104
-1.0786,-0.46007,-0.97741,-0.62556,1.3146,0.16154,0.11553,-1.1198
-0.11479,1.2261,-1.3628,0.21647,-0.42018,0.80658,0.51006,-0.31281
-0.37396,-1.0422,-0.26969,1.0752,0.85802,-0.90288,0.411,0.15471
0.87136,0.099136,1.2915,-0.090078,-1.093,-0.6249,-1.1107,-0.25011
1.3601,-1.2369,-0.46369,-0.81987,1.1746,0.86565,-0.97457,0.88027
0.50717,-0.85127,0.30074,-1.0143,1.5387,-1.2221,-0.61093,-1.1926
-1.5408,-0.93828,-0.44217,-0.29462,-1.6811,-1.3027,1.5319,-1.1384
1.204,-0.29454,0.68094,0.05181,-0.05691,0.55046,-1.1874,-1.0791
1.1625,-0.79168,1.1397,-0.056776,0.26657,-1.6915,-0.25072,1.6225
0.84789,-1.7019,1.6875,0.96917,1.4277,-0.25226,-0.21691,-0.11746
-0.6769,0.31026,1.341,0.21017,0.05397,-0.2938,-1.5903,1.6997
-1.6915,0.2517,-0.62264,-0.5603,-1.2272,-0.91444,-1.4407,1.1046
0.28989,-1.5857,-0.4554,1.7067,-0.9432,1.1576,1.6972,-0.3687
0.067419,-1.2498,-1.3529,-1.0826,-1.4737,-0.27485,0.5809,-1.6054
-0.077473,1.5672,-0.030705,-1.2205,-0.58177,-1.6201,-1.5687,-1.6151
0.6102,-0.58042,0.40725,1.0775,1.7097,0.4161,-0.35442,-0.29882
-1.1377,-0.060686,-0.22228,0.75551,-0.33693,0.13963,-0.89317,-1.4554
-1.0716,-0.63302,1.7106,-0.51581,-1.3791,0.18747,-1.2118,-0.33465
-1.1926,0.30284,-0.80747,0.9317,-0.82931,1.3302,-1.6565,-0.21296
0.54032,-1.0403,1.6271,1.6335,-0.069296,-0.1076,-0.8073,0.6842
-0.46671,1.4187,0.28646,1.7413,0.20644,0.30667,1.1782,0.82788
-1.0107,0.016821,0.78201,1.5757,0.62369,1.2082,1.39,0.5162
1.159,0.85568,1.5473,0.62611,-0.34387,-1.0746,-1.3995,0.3298
-0.011007,1.6783,-0.16525,-1.5887,1.0265,1.3209,1.5768,-0.89309
-0.90134,1.0698,-1.4149,0.97167,0.93532,-1.2722,0.11306,1.1351
-1.2848,0.62482,0.20592,0.3737,-1.0041,0.65356,0.19176,-0.61239
0.17128,1.383,-1.426,-1.0053,0.81927,-1.0304,-1.487,0.054463
-1.4959,1.0893,-0.67476,0.39145,0.068836,-1.2497,0.24908,0.58187
0.33326,0.72355,1.6184,1.3113,-0.86012,-0.40728,1.236,-0.33193
1.4454,0.91969,-1.5599,1.1915,1.4851,-0.77487,1.5577,-0.49641
-1.4347,1.3099,-0.98363,0.5107,0.76826,1.5943,1.6559,1.0894
-0.12384,0.20841,-1.2953,-0.54984,0.17846,-1.0546,1.0481,-1.13
-1.5826,1.4684,0.34623,-0.89571,0.026883,-0.96374,-0.97672,-0.70965
0.088598,0.57641,1.3572,-1.4411,1.5635,1.4617,0.51862,0.21479
-0.27724,0.8734,-0.016253,-1.388,1.4325,-1.6734,1.1045,-0.90696
-1.5002,-0.020775,-0.2419,-0.33737,-1.6193,0.48592,0.090327,0.98313
-0.094295,-0.052824,1.578,1.294,-1.5413,0.34623,0.54916,-1.1846
0.6076,0.6071,0.22665,1.1524,0.78833,1.4622,0.64614,-1.0361
1.1939,0.9541,0.49348,1.3888,-0.50222,0.68372,-1.3003,-0.47631
-0.65981,0.91574,-1.4028,-0.267,-1.0575,-0.73025,0.30502,-1.2454
-0.98097,1.3592,-1.1637,-0.11907,-1.0108,0.057181,-0.0073897,1.1074
-0.35195,1.5797,0.6021,0.31939,-1.0068,-1.5575,-0.8733,-0.090277
1.5458,-0.28221,-0.13411,-0.17404,-0.90436,-1.3183,-1.3669,1.4763
0.1975,1.6254,-0.44937,-0.61038,0.55654,-0.59583,0.46689,0.15513
0.51267,-0.64431,0.029796,-1.0821,-1.7146,-0.68638,-1.6919,-0.089592
-1.0163,0.51306,1.6502,1.3912,-1.5633,1.0903,-0.34801,-0.6756
-0.011595,0.58275,1.2777,-0.99755,-0.091228,0.5083,-0.86156,0.96327
-0.36941,0.17966,-1.1598,1.4023,0.70674,0.61216,1.166,-0.94908
1.498,-1.5875,-1.6053,0.76899,1.4646,-1.2696,-0.13592,-0.89843
1.2546,-0.97259,0.1664,0.59259,0.78699,-1.3594,-1.5699,-1.283
-1.4064,0.50075,-1.3781,1.7276,-0.30461,1.206,-1.2005,1.4375
-1.4439,-1.6661,-0.97256,0.79604,0.15358,-1.6582,-0.41688,1.4003
0.17175,-0.038998,-1.7578,0.16146,-1.531,0.51583,0.66792,-1.2837
0.13256,-1.1867,-1.2827,0.52524,-1.3504,-0.63366,1.4754,-0.77951
0.76852,-0.29796,-1.2246,-1.4588,-0.91145,1.2396,-1.491,0.060793
1.2578,1.054,1.4618,0.77818,0.50436,1.2585,1.1302,0.89033
1.5801,0.6204,-0.55662,-0.50009,1.4218,-1.5705,-1.2221,-1.4142
-0.50451,-1.3924,-0.44061,0.14231,-1.6946,0.24538,1.2989,-0.085078
-1.1242,0.17479,0.71406,0.37459,-0.031135,0.13348,-0.98991,1.1377
-1.3987,1.7313,1.3946,-1.3936,1.0619,-0.57229,0.55891,0.99627
0.78442,0.1043,0.90647,-0.76006,0.036719,0.21666,0.3219,-0.23196
-0.89514,-0.4748,0.28139,1.1507,-0.91593,-1.3582,-0.94318,0.32018
-1.0741,1.0725,-0.79188,-1.122,-1.1697,1.3566,1.1647,1.3353
-1.2042,-1.4249,-0.3739,1.6907,0.42456,0.63555,1.0834,1.6461
1.3979,1.4877,0.34991,-0.71159,-0.095622,0.8299,-0.44253,0.29377
-1.3633,0.67946,1.7098,-1.007,-0.50053,-0.32955,1.2485,1.3183
0.26777,-1.1308,0.27238,-1.5211,-0.96836,1.6194,0.57149,-0.50201
-0.047607,-0.066464,1.3492,-1.714,-0.84757,1.242,-0.98938,1.136
1.6607,1.6813,-0.0073115,-0.5432,1.6225,-1.6507,-0.79959,-0.99894
0.3208,-1.3438,-1.7581,-0.72948,-0.38847,-0.74244,0.11467,-0.20094
1.6006,-0.31849,-0.14001,1.3142,-1.6392,1.2088,0.18206,0.2364
-1.6338,0.65905,-1.6339,-0.8587,1.3085,-1.4578,-1.0418,1.0458
-1.3808,0.43545,-0.58608,1.7265,1.6698,0.66076,-0.58671,0.12391
0.21172,-1.4352,-1.2451,1.0044,0.32147,1.4882,-0.77468,1.5634
-0.57572,-0.63545,1.2334,-0.96888,0.90891,-1.2425,-1.5177,-0.74547
0.56785,-1.632,0.53028,0.60972,-0.59383,-0.89541,1.584,-1.4558
-1.3655,0.21743,0.89302,-0.861,-0.84724,0.94811,0.17212,0.10394
-0.89665,-0.2831,1.1365,-0.33615,-1.116,0.98539,-1.3155,1.4764
1.4664,-0.078042,-1.3493,-1.0563,-0.50707,1.4359,-0.9991,1.6444
-0.35719,-1.0642,1.5058,-1.5246,-0.89912,-0.48638,-0.50642,0.96343
-1.4291,0.44991,1.6666,-1.3974,-1.2015,0.87126,-0.050884,-0.13382
1.2804,0.63136,-1.0091,1.4964,1.2852,1.4261,0.52703,1.1663
0.60676,-1.353,1.4274,-0.11591,-0.91085,-0.57019,-0.33722,-1.1095
0.56894,0.9055,-1.2268,1.4158,0.19561,-1.416,1.3791,-1.3819
-0.89868,0.57414,1.3972,0.78193,-0.91188,0.40145,0.48164,-0.93382
0.35146,-0.17084,1.5398,1.6608,1.3266,-1.0801,-0.9169,1.6955
-1.72,-1.596,0.80444,0.074897,0.10175,0.64364,0.15321,-0.8179
-1.6751,1.5124,-0.81777,-1.7089,0.21867,-0.53177,-0.19434,-0.26381
0.75755,-1.6749,0.64145,-1.082,1.3094,0.43098,0.10984,1.6466
1.2582,-0.10667,0.090623,1.621,1.5425,-1.0405,0.34075,1.6459
1.0613,0.12552,1.5156,1.1585,-0.4355,-0.035564,-1.1681,-0.58954
1.0094,-1.6035,-0.73877,-1.4047,0.50643,-1.2014,0.13706,0.59719
-0.67164,0.31605,1.1528,1.2144,0.63806,-1.4768,0.25046,1.444
1.7189,-1.2536,1.2597,1.5326,1.4044,-1.2278,-1.4091,-0.0015079
1.5048,-0.50793,-0.58116,-1.3133,1.5213,-0.66185,0.30579,-1.5502
-1.2156,0.69898,0.62179,1.4424,-1.3236,0.21543,-0.82946,1.5879
-0.39284,1.7501,0.25428,0.21962,-1.6766,1.371,-0.2314,-0.080585
-1.1271,-1.2494,1.2853,-1.2299,0.16515,-0.89829,1.563,1.5012
-0.41165,-0.95047,-0.51213,1.4275,1.453,1.2484,-0.96934,1.5541
0.66429,-1.6364,0.50785,-1.6761,1.4901,0.24976,1.3395,-1.3815
-1.0994,-0.68611,0.028349,-1.2009,0.22072,0.70575,1.252,-0.95212
1.5074,-1.427,-0.4167,0.163,0.91585,-0.10734,-1.1487,-1.2601
0.2125,1.1583,-0.51071,-0.44198,-1.5194,-1.0627,-1.5963,0.1108
1.2771,1.3352,1.3031,-0.6809,0.6372,-0.80096,-0.40365,0.8182
-0.31018,-0.55295,0.15746,1.6404,-0.34298,-1.5059,-1.1358,0.0015615
0.04592,0.17614,-1.0285,-0.49917,0.57673,1.1538,1.3197,-0.85356
-1.0403,0.72129,-1.2267,-1.536,1.1251,0.60379,1.118,-0.85659
-0.076666,-0.10612,-1.5457,-0.46792,-1.56,0.20854,0.47473,1.004
1.0916,-0.55838,-0.4058,0.37296,-0.89713,-0.0579,1.1169,0.89408
-1.1152,0.86088,-1.7201,-0.064519,0.63239,0.43213,0.67591,-0.46053
-1.5039,0.72354,-0.028726,1.3319,1.0906,1.2898,-1.6824,0.59419
-0.32528,1.2284,1.14,0.30795,1.1034,0.90965,1.7127,0.8681
-0.61208,-0.60213,1.5636,1.5045,-0.49484,-1.3557,1.1611,0.16767
-1.3209,0.54047,0.38268,1.1299,1.0349,1.0063,-0.18495,-1.229
0.6025,0.35487,0.73873,-1.2029,0.88672,-0.36947,0.18037,0.067125
-1.1926,0.22812,0.50591,-1.1116,1.3653,1.202,-1.0565,-1.0589
0.025022,1.7061,-0.38289,1.2927,-0.084292,-0.34869,0.043698,1.2694
0.40887,-0.40526,1.1284,1.0205,0.26977,1.2963,1.3417,-0.40738
1.0928,-0.77662,1.5361,-0.89149,0.076072,1.6536,-0.8381,-0.70819
0.51895,1.174,-1.736,-1.6748,-0.57467,0.28671,-0.26302,1.143
1.4608,-0.85536,-0.41175,-1.6612,-1.3655,-0.93517,-0.63512,0.36701
-0.45344,1.3519,0.61721,-0.322,1.0881,-0.34084,1.6094,0.4475
-0.51681,1.4242,1.6359,-0.75584,1.0023,0.77441,-1.2547,-1.2178
-1.2821,1.1599,-0.12027,1.1467,1.4815,0.47516,-0.66078,-1.5159
-1.0114,0.85425,-1.7485,-0.0025271,-1.3046,-0.88082,-0.62878,-1.1208
-0.51582,-0.33309,0.45727,-0.6506,-0.52108,1.0471,-0.56173,1.2521
-0.11886,-0.80247,0.65135,0.65258,-1.5201,1.1852,0.64013,0.57652
-0.93577,-1.247,1.4247,-0.17851,-0.57575,0.93159,0.012706,-0.80061
1.0686,0.21974,-1.4934,1.7009,-1.0833,-1.534,-0.74472,0.56325
1.504,-1.169,1.132,1.4175,-0.65333,-0.10973,1.5969,-0.58698
-1.0754,-0.68284,-0.062029,-0.14387,-0.22456,0.76748,1.0958,-0.13145
-1.2289,1.075,0.87496,1.498,1.1153,-0.50669,1.5387,-0.73958
0.64955,0.18957,-1.2178,-1.049,1.6726,1.3339,-0.56051,1.2187
-1.3872,0.40289,-0.041537,1.3019,1.6745,-0.25698,-0.53009,-0.3568
-1.1548,-1.5318,-0.66294,0.29764,0.62027,1.6537,0.24491,0.2081
-0.82053,-0.45777,-0.43835,0.62784,-0.019301,0.30145,0.42355,-1.395
-1.0427,0.74812,-0.5545,0.35181,0.64893,1.7147,-0.51543,0.58441
0.69649,-1.3898,-0.58571,-0.849,0.11322,0.27497,-0.85087,1.637
1.2329,1.1098,1.0961,0.22941,1.201,-0.25547,-1.2785,-0.25635
-0.23733,-0.29731,-0.026347,-0.22146,-1.6436,-0.65878,-1.2299,0.1875
0.66156,0.2914,0.55654,-0.86752,0.64821,1.4235,1.0579,-0.2805
-1.2782,-0.78336,0.38795,-0.84273,-0.52832,-1.6931,-0.64378,0.099225
0.6456,0.13105,0.81578,-1.247,-0.36944,-1.4437,0.28309,-0.41103
-1.0729,-1.3148,1.4707,0.12605,0.1597,0.27641,-0.49526,-1.5309
-1.1699,-0.58774,0.75273,-0.068754,0.95417,0.895,-0.21104,0.20567
0.37232,1.0419,-1.0828,-1.1159,-0.080634,-1.1615,-1.0615,-0.48275
1.354,0.48668,0.024223,1.7063,-0.073456,1.1301,-1.2501,1.5536
-0.098957,-0.51858,-0.60818,-0.38389,-0.3554,0.59375,1.1582,-0.52079
-0.65678,-1.281,0.18691,-0.62664,-1.1946,-0.19645,0.42398,0.7822
0.43338,-0.32257,1.6748,-0.70216,0.072555,-0.28967,-0.99003,-0.91888
-0.4996,-1.691,0.68484,0.698,1.1236,-0.19928,1.4608,-1.2128
0.15181,0.20809,-0.31301,1.5665,0.12189,1.37,-1.674,0.95932
0.48653,0.57303,-0.90595,-1.4894,-1.0866,-0.8977,-1.5016,0.20992
-0.13191,-0.59294,1.5464,-0.43811,0.31295,1.5525,-0.052683,-0.81971
1.2905,0.893,-1.6145,-0.23825,-0.1786,0.98429,-1.1139,0.039565
0.71682,0.36742,-1.2253,-1.1976,-1.1059,0.24199,-1.0067,1.2289
1.2221,1.1353,-0.15937,0.17695,1.4956,0.74391,1.6389,0.13792
-0.070084,0.52938,-0.4105,0.58356,-1.7128,-0.7933,1.6316,0.54327
1.0749,0.42485,-0.89227,-0.46411,0.97002,-0.34292,-1.3503,0.59103
-0.18122,-0.26579,-0.18674,-1.3154,-0.77866,1.1034,-1.5025,1.6681
-0.8064,1.5401,0.17654,0.013957,1.3827,-0.79722,-1.3645,-1.4336
0.43319,1.1124,-1.2374,-0.75648,-1.055,1.7165,0.22135,-0.85069
-0.90197,-1.3849,-1.1425,-1.7279,-1.0838,1.6961,-0.41708,1.6984
0.43643,0.58077,-1.6549,0.28212,1.3324,-1.2055,1.2294,-0.78857
1.4546,-0.15793,-0.2411,-0.55396,-0.4333,0.41815,0.81453,-1.0235
-1.5474,-1.2673,0.19983,-0.18839,-0.058308,0.26067,0.61144,1.0941
-0.28956,-1.175,-0.40132,-0.61818,-1.3071,0.75408,-0.49612,1.2779
-0.52079,-1.639,-1.7171,-0.23423,0.086523,0.85307,-1.6601,-0.92921
0.02122,0.7044,0.060013,-1.7284,1.4214,0.24017,1.0154,0.89164
-1.5663,-1.3472,-1.0354,-1.2551,0.1347,1.1891,-1.4428,-1.2648
1.2811,-1.4288,-0.38241,-1.1565,-0.19349,0.046806,0.48948,-1.3704
-1.3507,-0.0064448,-1.2093,0.25877,0.84965,1.2783,1.2979,-0.23431
-1.0814,0.62296,-0.24732,1.7605,1.2831,1.3412,-0.57311,-0.076904
1.0227,-0.78229,0.33015,-0.80778,0.62144,-0.78228,-1.0978,-0.78686
-1.5369,1.1928,-1.0573,0.16638,-0.49707,-1.2094,0.51838,1.2907
1.634,-1.6336,1.2025,-1.5224,1.0798,-0.38286,1.6636,-0.9702
-1.4696,0.71415,-0.5382,0.93297,0.94325,1.4772,0.68989,1.0302
0.018825,0.71164,0.50261,-0.7196,0.64776,-0.86009,-0.49499,-0.81021
0.52857,1.4887,-0.092117,0.44526,-0.4876,-0.056869,-0.42758,0.29928
0.97302,0.19902,-0.70437,-0.43062,-0.66086,0.7952,-0.17972,-1.5901
1.7097,-1.7214,-0.59849,-1.5857,0.52992,0.73793,0.98571,-0.6078
-0.016183,0.95582,-0.10861,-0.96933,-0.17993,-1.1124,1.0831,-1.1644
-0.14675,-0.16079,0.96942,0.18388,-1.2187,0.44409,0.16942,-0.23672
-0.70769,-1.5304,-0.097777,-0.1545,0.792,-0.44007,-1.0106,-1.6062
-1.3127,-1.6791,-0.86544,-1.7174,1.1333,-0.3139,1.0601,-0.79874
-0.41013,-1.0499,0.73193,-0.88725,-1.4572,0.26012,-1.6822,1.5982
-0.62796,-0.70367,-0.97606,0.26821,-0.61995,-1.0295,0.01707,-0.93581
-0.30987,0.64413,-1.3065,1.32,-0.28003,1.3154,-1.6515,1.6458
1.119,0.15958,-0.78512,0.61282,1.5245,-0.30008,-0.070012,-0.15102
-1.5521,-1.166,-1.4047,0.86481,-1.4885,-0.16241,-1.7135,0.91582
-1.5591,-1.1303,-0.59768,0.1333,0.20206,0.73232,-0.23121,-1.5447
-1.4987,1.6025,0.14452,-1.3177,0.012341,-1.1968,-1.3767,-1.5579
0.65352,0.82212,0.92813,0.74513,-0.45865,-0.94754,0.66335,-1.6349
0.82382,-1.3325,-0.75585,0.57163,1.7199,-0.81562,-1.4822,0.47264
-1.2165,1.498,0.012211,0.67279,-0.42959,0.33476,-0.76724,-0.20432
1.5923,0.6687,-0.063663,1.2235,1.004,0.37796,-1.2259,-0.65825
0.57552,-1.3434,-1.2365,-1.7266,0.83907,0.075682,-0.21177,0.43282
0.4151,1.2852,-0.57351,-1.0692,-0.30312,0.99394,0.3902,1.1273
-0.74569,1.3784,0.99649,1.1876,-0.41463,0.93888,-0.69785,0.2808
0.7403,0.53264,-0.11656,-0.57541,-1.6094,0.77904,-1.3528,-0.97189
1.3106,-0.62261,1.567,-0.41123,0.78372,0.46089,-0.54609,0.26004
1.3502,0.18162,0.72756,-0.84715,-1.3416,-1.5241,-0.51013,-0.80288
-1.6928,1.614,-0.65844,0.89863,0.0017287,-0.93827,0.64198,-1.4308
1.1829,-1.0147,1.1808,-0.97611,0.2595,-1.125,-1.3218,1.6154
-1.6013,-0.093768,-0.17738,-0.15291,-1.4264,-0.36836,0.15377,-1.3435
-0.6412,0.65118,0.88142,0.0040836,0.32913,-1.1674,1.6028,0.59393
-0.39591,-1.2698,0.5898,0.12575,0.79603,-0.36839,-0.43389,-1.1891
0.47189,1.0976,1.1387,-0.13937,-1.4738,-0.36246,-1.0564,0.09624
-0.93893,0.72071,-0.96109,1.3951,1.2115,1.4734,1.6203,-1.2995
-0.75975,0.61894,-1.7614,-1.0336,-0.7211,-0.5271,-1.6502,-1.7265
1.349,-0.20263,0.36712,-0.62471,-1.0576,0.95478,0.9134,-0.32314
1.547,0.86932,0.046505,-1.3697,1.4143,-0.42438,0.17953,-1.2975
-1.6199,0.47392,-0.56801,-0.67036,-0.26052,1.5507,-1.2756,1.0354
1.331,-0.033504,0.41384,-0.37276,0.85323,1.0344,0.26804,-0.14753
0.49914,1.6228,-0.56094,0.70391,0.64331,-0.64613,0.79397,1.2665
0.45608,1.2897,-1.5689,-1.2647,1.268,-1.6625,1.2759,-1.2852
-0.49122,0.52389,0.9342,-0.98766,0.32707,-1.5544,1.6247,-1.7274
-0.44503,0.52821,0.88104,0.097318,1.5315,1.5019,0.92408,-1.2552
1.0462,-0.088334,-1.2477,-0.074043,1.7076,-0.78279,0.85596,-0.37045
1.171,1.7395,0.24979,-0.38704,1.142,-1.6225,-1.1675,-0.19947
1.1745,0.76584,0.73084,-1.3974,-0.43411,0.89478,0.04089,-1.1077
0.78064,-1.4239,-0.45798,1.3775,-1.5992,-0.52244,-1.3106,-0.76112
0.04932,-0.4165,-0.25524,0.16927,1.4365,-1.2456,-1.6949,0.23016
-0.27588,-1.3578,0.43924,-1.6923,1.1318,0.3485,1.6872,-0.67394
-1.6718,-1.3893,-1.4411,0.48761,1.5437,-0.80943,1.7151,-1.2585
-1.6487,-0.93268,0.374,0.38305,0.52018,-1.0958,0.02202,-1.3089
0.24786,1.4763,1.531,0.013388,-1.7363,-1.6376,-0.85863,-0.73873
0.57219,-0.57984,0.087271,1.3338,1.5383,-1.2691,0.193,-1.5405
1.528,-0.11132,0.0061655,-0.67517,-0.37756,-0.084482,-0.7881,-1.7054
-0.48829,0.45353,1.338,-1.0699,-0.46925,1.421,0.018459,-0.37803
1.0041,-1.2827,-1.1263,-0.81876,-1.547,1.5986,-0.73798,0.24076
0.37777,-0.56351,0.26892,1.5775,0.047664,-1.1561,-1.0634,0.84095
-1.327,-0.37057,-0.3638,1.7309,-0.69522,0.54065,0.1404,-0.62969
-0.30355,-1.389,-1.1069,-0.20562,1.5834,0.72653,1.2127,-1.517
-1.6816,-0.27684,-1.5123,0.3755,-1.531,-0.70193,-0.29199,0.63114
-0.78109,0.57836,1.111,0.27926,0.54672,-0.93457,-0.50852,0.046517
-0.11775,-1.6441,-0.21361,-1.7084,-1.0448,0.99037,0.28578,-1.4748
-1.6009,-0.94201,-0.9018,1.5713,-1.4317,1.3186,-0.42561,1.5107
0.83987,0.6567,-0.46591,0.19132,0.94834,1.3016,-0.39274,1.2375
0.6608,-1.5295,0.92283,1.7474,-1.417,-0.55917,0.11136,0.63863
-0.80875,-1.733,-0.10253,0.319,-1.6372,-1.3876,0.16981,1.1411
-0.13055,0.50215,-0.53783,1.0337,0.68854,-1.2341,1.4285,-0.0031984
0.11946,0.29828,0.41754,-0.44301,-0.13423,1.5926,-0.82718,0.54677
1.5288,-0.47577,1.0576,0.26253,1.4395,-0.11287,-0.16813,-0.18058
-0.10172,1.549,-1.5808,-0.6339,-1.625,-1.6884,0.32732,1.5616
1.0568,0.6296,-0.96391,1.0775,-9.8108e-05,-0.81535,-0.87082,0.36844
1.1806,0.62775,0.30558,-0.2007,0.99464,0.37066,0.65952,-1.4744
1.393,-0.24365,0.54425,0.63026,0.63195,1.6706,1.7021,-0.4243
0.67276,0.3869,0.45873,-0.57545,-1.1309,0.86095,-0.019556,0.91451
1.4605,-1.4825,-0.12919,1.753,-1.6924,-1.5398,-0.62075,0.48685
0.33116,1.1793,1.5916,0.24956,-1.1554,0.11313,-0.11953,0.8139
-0.94746,0.87228,-1.2313,0.96805,0.08098,0.21202,-0.62511,1.4666
1.5558,-0.48983,-0.12588,-1.3149,0.44352,1.4193,1.586,1.3156
1.2866,-1.287,1.6294,-1.1327,1.6085,1.2124,-1.5845,-1.5029
0.64604,1.6708,0.21436,0.49919,-0.10683,1.5962,1.6805,0.6945
1.3874,0.32289,0.97989,-1.0322,0.23621,-1.4818,-0.19756,1.2285
-0.40247,-0.24028,0.41265,-0.56326,-0.78135,0.32923,1.4434,-0.79685
-1.064,1.6732,1.634,0.74755,1.2162,-1.1888,-1.1818,-0.55401
0.33896,-1.5715,1.6881,-1.0604,1.3666,-1.5607,-0.60968,-0.6748
0.74614,1.2778,-0.13929,-0.3397,1.1538,-1.1442,-1.5312,-0.64258
1.363,-0.15687,1.621,-1.4305,0.29429,0.91751,-1.6271,-0.17394
-0.40735,1.279,-0.94714,0.88649,-1.497,0.12019,1.0009,-0.17662
1.2599,-0.72163,0.59795,-1.178,0.31049,-0.7748,0.19832,0.95152
-0.76669,0.34639,-0.46914,1.3555,-1.6989,-1.3618,1.6546,0.86141
0.3252,-0.47922,-0.79786,-0.2389,-0.82976,1.7283,-0.63656,-0.88123
-0.012334,0.61347,-0.61166,-0.38742,1.6963,1.1281,-1.1184,-0.40549
0.97078,1.553,0.96104,-0.11667,1.3802,-1.6391,-1.521,-1.2227
0.9846,-0.9988,-1.3925,1.1143,0.44619,-1.121,-0.85135,1.728
1.6533,-1.3081,0.95777,-1.6083,-1.4494,-1.5146,0.16749,1.3366
1.4544,1.2678,0.83988,0.26977,-1.2315,-0.86761,1.148,0.69011
1.3395,-0.49855,1.543,-1.4564,-1.1956,-1.5453,0.19257,-1.5186
-1.2119,-0.66286,0.3099,1.4077,0.37025,-0.94818,-0.033645,-0.66838
0.78537,-1.5593,-0.59928,0.18738,-0.3593,1.516,1.0081,-0.84796
-0.49023,0.62957,0.045513,1.4706,0.27374,1.3689,0.25767,-0.87648
-0.39739,-1.3194,0.87265,0.88329,0.99902,0.78381,-0.049606,-0.56918
-1.5253,-1.0155,0.12448,-1.2742,0.67628,1.4625,-0.30776,-0.68192
1.1719,-0.22815,-1.4723,1.6998,1.203,0.50605,1.3989,-0.91427
1.3202,0.61919,0.3981,1.5975,-0.091293,-1.5623,-0.47784,-0.33891
-0.89195,-1.4806,1.1945,1.1963,0.91561,1.12,1.3276,-1.0535
0.72056,-1.583,-0.25766,1.4075,1.4044,1.0837,1.0456,-0.60077
-0.40263,0.48993,-1.7551,0.93996,-1.1162,0.5659,-0.40648,-1.5466
-0.48345,1.4641,1.3629,1.6795,1.4973,-0.2767,1.7143,0.54871
1.0356,0.23514,0.28661,-0.47455,1.3699,-0.12484,0.8069,-1.3084
-0.30827,0.77973,-1.4889,0.0073844,-0.71429,0.32586,1.3511,-0.93068
-0.97607,-0.63001,0.083871,0.95656,-0.99218,0.55712,1.2194,0.36418
1.3937,0.15723,0.76023,1.345,-0.11227,-0.97128,0.57435,-1.4591
0.86434,-1.1411,-0.87556,0.47255,0.39432,-1.5099,-0.71559,1.5165
0.64267,0.11512,-1.1634,-0.12884,0.9323,1.3923,0.97335,-1.0596
-0.55217,0.03748,0.93925,1.7133,0.81794,0.80045,-1.4616,-0.28566
-0.098833,0.92084,-0.78158,-1.3494,-0.52984,-0.054768,0.1522,-0.41101
-0.77235,0.34345,-0.6933,1.1346,1.6633,-0.2184,1.6448,-0.8354
-0.30054,-1.5012,-0.53874,1.1539,-1.157,-0.851,0.61288,1.645
0.4375,-1.2726,0.51254,1.7434,0.50784,-0.99997,1.2509,1.0457
1.6759,1.014,1.5661,0.38501,-0.93081,-0.8704,0.35039,-0.54411
0.62348,-1.6517,-0.52755,-1.2717,-0.25095,-0.96321,0.96841,-1.2274
0.15673,-0.72624,0.80424,-0.95411,1.0888,0.67787,1.6297,-0.31556
-1.0233,1.3085,1.0904,-0.25421,0.2918,-1.5846,1.2977,-0.35519
-0.078716,-1.5961,0.10506,0.079452,-0.13436,1.6955,1.0373,-0.81809
0.037647,1.2232,-1.769,-0.81752,1.4067,-0.06856,1.6533,0.71957
0.714,-0.45794,0.63502,-1.1954,-1.0077,-0.73798,1.2634,0.9125
-0.18679,-0.72421,-1.4025,1.2485,-1.3961,1.0612,0.83991,-1.6108
-0.79525,0.4472,1.5749,0.70995,-0.24038,0.73867,0.43992,0.89429
0.87245,-0.82805,1.5822,0.66486,0.32756,-0.57573,0.35604,-1.4603
0.23174,1.041,0.76783,-0.22442,0.46608,0.86951,-0.39673,-0.73336
1.6827,0.32609,1.7159,0.019065,0.37675,1.1455,-0.28608,-0.030073
0.77972,1.749,-1.5556,0.92535,-0.10273,0.18077,1.4514,-0.016794
1.0753,-1.3763,1.0124,-0.26982,0.26842,-0.85236,0.091876,1.4721
1.4587,-0.11401,0.047575,-0.10032,-1.2616,1.7043,0.7438,0.96101
-1.5558,1.1339,-0.82988,-0.84298,1.0706,0.32781,-0.17446,-1.586
-0.93929,-1.6611,1.1335,-1.4212,0.54079,-1.6275,1.3062,-0.95691
1.2946,-0.81375,0.70528,-1.5293,-1.7043,-0.92345,-0.42293,1.3594
1.4455,0.60338,1.5844,0.354,0.20844,-0.33477,1.5658,-0.13749
-0.59155,0.32561,-1.3416,0.12545,0.41705,-0.95599,0.78331,1.5273
-0.043523,0.1528,0.10763,0.49015,-0.83615,-0.70549,-0.11867,0.7065
0.68744,0.26166,-1.0334,0.48386,1.5053,0.29897,-0.99747,1.4664
1.0196,0.50577,-1.463,0.88307,0.66679,1.6432,1.3787,1.5328
-1.6568,0.28322,-0.22852,-0.44082,-1.6769,-0.46838,-0.64156,-1.521
-1.6594,0.18005,-1.2325,-0.33836,0.95272,-1.4196,-0.36142,1.6978
1.063,0.19336,0.75176,-0.35652,-0.6277,-0.52582,1.6017,0.22971
-0.45159,-0.48275,-1.2786,-0.97191,-0.60602,0.42011,0.23456,0.22999
-0.83435,-1.495,-0.31861,1.2587,-1.052,0.80927,-1.1231,-1.3138
-0.62807,0.50045,0.67519,0.23789,-0.61139,1.6587,-1.5269,1.0172
-1.3067,-0.24972,-1.3168,0.50005,-0.23075,-0.38125,-1.2624,1.3209
0.31444,-1.5423,0.72404,-0.77237,-1.4464,0.93949,1.0501,1.187
0.59455,-0.0012456,0.13021,0.90242,-1.5664,0.56439,-1.4995,-1.7328
-0.9163,0.94677,0.52645,-0.23345,-0.62238,-0.9396,0.46971,0.225
0.67344,0.36517,0.75803,0.39158,-0.1936,-1.5873,-0.23326,-1.088
0.19014,1.6355,-0.5277,1.4835,-0.38458,0.17867,-1.0542,1.012
1.5326,-0.57776,0.057655,0.981,-1.2037,-0.46209,-0.84133,-1.2259
1.4804,-0.84753,0.29463,-0.20933,-1.5986,-1.3118,0.08145,0.38056
-0.13187,-1.5128,1.5438,-1.4589,-0.66263,0.2357,1.3028,-1.0826
-1.2271,0.30169,1.0192,-0.97856,1.2587,-1.0189,1.6283,-1.1731
1.0929,0.39222,-0.18969,1.3194,-0.3775,0.78412,-0.14357,-1.5168
1.0998,1.4066,-0.76094,0.84823,-1.5096,-0.644,-0.32892,0.53318
0.094154,0.8251,1.2728,0.056591,0.74089,1.2324,-0.66657,0.44937
-1.3707,1.5278,1.0037,-1.2901,-0.26979,-0.55611,-1.0976,-0.12683
0.94378,1.5189,0.52896,-0.38634,-1.1413,-1.5372,1.4312,-1.6918
-1.0445,-0.82382,-0.65826,0.98956,-0.43255,1.5399,0.49724,-0.64692
0.062971,-0.99958,-1.0363,-0.93314,0.97415,1.4746,-0.14734,-1.0334
-1.6333,1.5544,1.3439,0.28288,0.97561,0.91769,-0.64805,1.2671
-1.6102,0.57818,-0.20892,-1.5505,1.6086,-1.1651,-0.10296,-0.00013481
1.2575,1.7221,-1.6292,-1.2732,-0.12715,1.1,-1.6206,-0.85154
-1.1825,0.21453,0.14948,-0.218,0.12914,1.0004,0.47383,-0.3128
0.42461,0.10198,0.89811,-1.0699,-0.32645,-1.002,-1.0402,-1.0687
-1.6212,0.546,-0.52199,0.36961,1.2825,-1.6261,0.93896,0.39636
-0.90508,-1.3972,-1.0219,-1.6923,-1.3363,-1.5744,-1.2934,0.33354
-1.2043,-0.38128,-1.5671,0.2064,-0.10377,0.97124,0.075795,1.3942
0.87532,1.7218,1.3533,0.24249,-0.366,-1.486,0.57078,-1.5706
-1.4756,0.326,1.1692,-0.53624,0.6424,0.77795,1.1964,-1.4443
0.35478,-1.158,0.13076,-1.5035,-0.26556,1.6924,-1.0101,0.17551
0.28707,1.4298,-1.1163,-1.1239,1.4515,-1.2237,0.57577,-0.75946
-1.2776,-1.657,-0.39585,-1.6614,-0.59622,-0.049108,-0.83793,0.10537
-1.0749,-0.88009,-0.40916,0.52636,-0.82605,0.96239,0.60709,0.60264
-1.0804,-0.84139,0.64538,-0.62124,-1.6725,0.25074,-1.5218,-0.54402
1.3176,1.3249,-0.029448,-1.2358,0.14182,-1.284,-0.65515,-0.43413
0.12693,-0.3948,1.205,-0.32992,0.1475,0.1821,1.1949,1.4877
-0.3936,-0.55686,1.0752,-1.5862,1.2157,-0.49818,1.0398,-0.3064
-1.2561,-1.1675,0.13281,0.46062,1.5154,0.53508,1.1726,1.0174
1.5953,-1.4821,-0.25269,1.4183,-1.0983,1.629,0.45543,0.24366
0.49286,-0.79691,1.2806,0.88383,1.5191,-1.0137,0.94443,-1.115
0.49021,1.3824,-0.67176,-0.80367,1.0837,-0.33352,-0.59861,-1.3053
0.2536,1.6365,-0.99558,-0.68594,0.57789,1.5683,0.09133,0.71949
0.18673,1.6261,1.1857,-0.67342,0.24021,-1.2672,-1.1721,0.21318
1.6487,-0.19518,0.90062,0.11801,-1.2906,0.01207,-1.0949,-1.3087
1.2261,1.4463,-0.72938,1.484,0.84323,1.0188,-0.73613,1.3984
-0.68817,-1.4513,-0.75992,0.41436,-0.85706,1.5057,-1.6681,1.0739
0.35528,1.2579,0.13282,0.96321,1.082,1.3001,0.21243,1.0424
0.1198,-0.31504,1.2319,1.2476,1.5459,-0.45014,1.0005,-0.78985
-0.56954,-1.5305,-1.7646,-0.53577,0.36182,0.65983,-1.4166,-0.96419
0.2112,0.40749,-0.91085,-1.6703,-0.90712,1.43,-1.1184,0.61083
0.88487,-0.53713,-1.6519,-0.16254,1.3595,1.4339,-0.032445,-1.4656
1.4868,0.057341,-0.78605,0.46461,-0.14987,0.12758,1.1808,0.71732
0.86412,-0.25298,-0.83908,0.61192,-1.3456,-0.12755,-0.73272,-1.3758
0.45989,0.86112,1.4945,1.3574,0.094085,-0.18876,-0.363,-1.7184
-1.2022,0.86507,1.0548,-0.35938,0.91219,1.7206,1.4764,1.1584
-0.92031,0.94568,1.665,0.01975,0.12851,-0.48351,-1.4426,0.33857
0.32247,-1.1273,-0.55343,-0.72441,-1.4588,-0.7269,-0.1503,-0.35307
-0.61224,-0.9654,-0.59761,0.93994,-1.6443,-0.68647,1.656,-1.3099
1.4629,-1.703,0.81933,0.39149,-1.3825,0.69523,0.73646,0.4907
-1.0227,-0.44087,1.7005,-1.2383,-0.34471,1.2462,0.11585,-0.75161
-1.2733,0.63341,-0.92947,-0.83066,-1.7295,0.65004,-0.3133,-1.2284
0.97533,1.0147,0.78182,0.31101,0.64828,1.2419,0.68645,-0.078759
1.4905,1.0363,-1.5214,-0.28249,-1.0534,-1.1479,-0.53191,0.080141
0.23508,0.20353,1.655,1.2501,-1.1543,0.26089,0.56079,-1.3583
-0.71548,-1.6827,1.3338,-0.31512,-0.48763,1.5551,-0.0019893,-0.21853
-0.36923,1.2731,-1.5568,1.4957,-1.2586,0.95383,-0.81287,0.24878
-1.034,0.25227,1.0683,0.56678,1.6734,-0.18374,-0.3995,-0.035273
-0.78674,-0.94245,-0.9899,1.0333,0.31093,-1.1208,0.80981,-0.46702
-0.0042138,0.31667,-0.90406,-1.6272,1.0564,0.20267,0.88071,-1.6452
-0.82053,1.3484,0.73131,-0.8899,-1.1,-1.621,0.9395,-0.67545
-0.80553,0.83305,0.8879,-0.079171,0.32635,-0.75583,-1.3493,-1.2671
0.021833,-0.91237,-0.28227,-1.151,-1.367,-0.040729,1.6855,-1.4981
-0.85442,1.561,1.0723,-0.30745,0.57139,1.6685,-0.17303,0.038597
-0.38309,1.5849,1.5655,0.6871,1.4624,-1.4222,-0.84578,-0.49082
-1.5655,0.9151,-0.67028,0.14197,0.072321,1.7103,-1.2232,1.1604
1.534,-0.22927,0.36488,1.4405,1.0894,-1.1152,-0.34242,1.5339
1.0672,0.1949,-0.61336,-1.0248,-0.26942,1.2889,0.74268,1.5194
1.5072,1.2853,0.7066,-0.035499,0.76491,-0.090153,-1.2251,0.69605
-0.85175,-1.0115,-0.32022,1.2211,-0.078966,0.027816,0.30766,-1.1496
1.6009,-0.11983,-0.69146,-1.0535,-0.18627,0.44683,0.035555,1.3407
-0.1638,0.18851,-0.26535,0.92288,-1.5706,0.31893,-1.4105,-1.0387
0.26671,1.6081,0.76993,0.87461,0.62671,1.0898,0.22061,-1.5458
-0.6215,0.43813,1.4014,-0.81183,1.3426,0.30269,-0.27437,0.98735
-1.7016,-0.81691,-0.46045,-1.1697,0.0782,0.55584,0.61372,0.77373
0.76273,-0.11659,-0.34003,-0.35787,-1.1108,1.5488,-0.49361,-0.01268
-0.12231,-0.31273,-1.2943,-0.49789,-0.10892,0.84181,0.40277,1.7055
0.26679,-0.62763,-0.64557,-0.16634,-0.99409,0.21469,-0.15743,1.5038
-0.82146,-0.90488,-0.4825,0.77815,1.4895,0.25727,0.78554,0.93663
1.455,0.75831,-0.72372,0.092834,-0.2882,0.15975,0.31909,-0.52281
-1.6053,-1.0088,-1.264,1.2955,-0.98928,-0.15468,1.5854,0.88256
-0.72771,-1.0288,-0.37234,-1.398,0.96364,-1.1045,-1.0686,-0.41101
1.65,-0.90308,1.5877,0.98357,-1.4183,0.28923,0.3685,-0.34257
-1.4011,0.20225,-0.862,-0.1433,0.72167,1.0361,0.099458,-1.5915
-1.5358,1.7339,-1.5668,0.44318,0.2306,-1.3078,0.83167,0.74345
1.2323,0.28133,1.2898,-0.30041,0.94342,-1.305,1.2514,1.3461
1.1924,0.50545,-1.4381,-1.2302,1.1285,0.89093,1.5013,-1.5616
0.66936,0.0064874,-0.47445,-0.71684,0.3438,-0.2937,-0.64467,-1.3326
1.0292,-1.4078,-1.4829,1.3508,0.67445,0.68433,1.392,-0.53925
-1.662,-0.65257,0.30635,0.30955,0.010906,-1.281,1.2226,-1.1233
-0.21737,-0.93501,-1.6009,1.516,0.91774,-0.78074,0.19158,-0.18664
1.2177,0.59278,1.4095,-1.2746,0.3963,-0.90876,-1.5037,0.1602
0.7388,0.32749,-1.7409,1.3193,1.3329,1.1,0.92421,1.4192
-0.37938,-1.1879,-0.4955,0.57737,-0.19503,0.49337,0.32229,0.22605
0.24529,1.7261,1.6022,-0.59012,0.92928,-0.29931,-0.97464,1.6923
1.2864,0.38744,-0.10244,-0.15741,-1.029,-0.50004,-0.54942,0.88041
-0.96453,-0.40554,0.94398,1.4347,0.88573,-0.16223,1.4155,-1.615
-1.3251,1.2391,1.7125,-1.309,0.10172,-0.92779,0.31416,-0.32792
1.0205,-1.6602,1.3688,-0.57721,0.18649,0.71239,-1.5968,1.5912
-0.14106,-0.66527,-0.54808,1.3892,-0.92155,-1.3127,0.58919,0.051171
0.6651,0.13643,1.444,0.88375,0.53933,-1.6352,-0.044466,-1.122
-0.16301,-1.5147,0.0013298,1.0453,0.18861,0.22939,1.2206,0.10937
0.51363,0.75157,-0.94071,-1.6987,1.3822,-1.4903,0.26254,-1.1351
1.3857,-0.45131,1.0836,1.3397,-0.15994,0.11513,-1.0125,-0.84124
0.10922,0.63403,-1.2769,0.1947,-0.72767,0.26229,-0.78319,1.1912
1.0066,1.6215,0.82102,1.6638,0.86215,0.31268,-1.1092,0.5763
-0.51297,-0.93761,1.3543,0.99117,0.031284,-0.80791,-0.67198,0.59074
-0.46826,1.0788,0.62084,0.29818,-0.075822,-1.2753,-1.5458,-0.72064
-1.6761,-1.0563,0.91814,1.2045,1.591,1.0514,-1.0164,-1.4637
1.0029,0.94366,1.1401,-1.5834,-0.75441,0.22177,1.1824,0.1246
-0.42852,1.4652,0.59082,-1.2774,0.15926,-1.3753,1.6226,-1.4539
0.42238,0.63703,-0.40998,-0.54445,0.23252,-1.1166,0.96164,0.024645
0.082845,-1.2318,-0.97253,0.4507,-0.66495,-0.43564,-1.2195,1.0876
1.3873,0.51717,0.82644,1.4916,0.24939,-1.1513,0.97116,1.3469
-1.5177,0.77726,-0.38419,-0.75884,-0.76556,-1.1156,0.65476,1.1487
-0.79646,-0.22922,1.1328,0.51769,-1.3509,1.6655,-1.2009,0.51016
-0.90284,-1.5657,1.0672,0.72106,1.043,-0.68568,1.6399,-0.30582
-0.30594,1.5013,0.16049,-1.6525,-0.95744,1.6894,-1.5455,-0.73377
0.63683,0.20777,0.072737,-0.28916,-0.68867,-0.75796,-1.0618,1.3617
0.90179,-1.0873,0.0087832,-0.27879,-0.77187,0.73286,-1.6253,-0.77076
1.6538,-0.33018,0.1423,0.032229,-1.7215,1.6556,-1.1816,0.47768
0.37864,0.42707,-1.0366,-0.68851,-0.16158,-1.4318,0.50763,1.3975
-1.2648,1.1604,-1.2288,-0.63226,0.7796,-1.4032,1.3332,-0.80079
0.83321,-0.56234,0.6158,0.877,-1.7348,-1.05,1.0633,-0.83334
0.62341,-1.0424,-0.68765,0.08901,-0.30031,0.18767,0.26109,0.043818
0.84254,1.1294,-1.1852,-1.5915,0.34245,1.6862,-0.74792,0.60468
-1.1804,-1.4198,-1.244,1.4453,0.78233,0.00096503,-0.059119,0.062164
-1.0405,1.6326,1.49,1.4072,-1.3849,-0.34703,0.3134,-0.37796
-1.5219,1.3857,1.1563,0.85791,-0.44442,-1.5567,1.5286,-0.77786
-0.76915,1.4384,-0.4558,-1.1196,-1.1927,-0.16001,-0.74749,1.0474
0.48278,0.34693,0.52885,1.5189,-1.2264,-1.6531,1.6132,0.012178
0.42702,1.7181,1.3986,1.7343,0.054351,-0.71471,0.56123,-1.4083
0.0083463,-0.99062,0.25966,-0.2023,0.3418,1.6625,-0.19456,-0.38838
